1 0.19297 0.15920 0.16100 0.13830 0.19275 0.04410 0.00871 0.10298 
2 0.19205 0.16374 0.15149 0.13758 0.19653 0.04418 0.00836 0.10606 
3 0.17654 0.15879 0.16616 0.13234 0.20526 0.04799 0.00938 0.10354 
4 0.17419 0.16343 0.16531 0.13103 0.20592 0.05095 0.00757 0.10160 
5 0.16937 0.15705 0.17979 0.12988 0.20424 0.05147 0.00865 0.09955 
6 0.17064 0.16385 0.17796 0.12272 0.20228 0.05101 0.00727 0.10428 
7 0.16915 0.16195 0.18820 0.12960 0.19552 0.04849 0.00604 0.10104 
8 0.16882 0.16287 0.18345 0.13627 0.19724 0.04689 0.00677 0.09769 
9 0.15844 0.16646 0.20946 0.14098 0.18263 0.04333 0.00710 0.09159 
10 0.15185 0.16407 0.22145 0.14248 0.17671 0.04428 0.01038 0.08877 
11 0.14826 0.16756 0.22528 0.14399 0.17799 0.04147 0.01002 0.08543 
12 0.15078 0.16941 0.21990 0.15667 0.17951 0.03833 0.00748 0.07792 
13 0.15403 0.17549 0.21121 0.15504 0.18217 0.03764 0.00647 0.07794 
14 0.14997 0.17303 0.22342 0.14949 0.18071 0.04006 0.00664 0.07669 
15 0.14264 0.17251 0.23759 0.13568 0.18383 0.04019 0.00684 0.08073 
16 0.14682 0.16944 0.23780 0.13629 0.18580 0.04196 0.00696 0.07492 
17 0.15308 0.17880 0.21969 0.13211 0.19309 0.03900 0.00603 0.07820 
18 0.14389 0.17520 0.23652 0.12266 0.20166 0.03885 0.00646 0.07476 
19 0.13713 0.16911 0.24148 0.12587 0.20694 0.03905 0.00665 0.07378 
20 0.14456 0.17311 0.21528 0.13224 0.21244 0.04198 0.00561 0.07478 
21 0.14155 0.16230 0.24014 0.13926 0.20991 0.03783 0.00437 0.06464 
22 0.14066 0.16716 0.24427 0.13449 0.21328 0.03774 0.00429 0.05812 
23 0.14493 0.16564 0.24641 0.14171 0.20809 0.03629 0.00400 0.05294 
24 0.13751 0.15908 0.27519 0.14023 0.20014 0.03646 0.00409 0.04730 
25 0.13520 0.15547 0.28510 0.14123 0.19617 0.03580 0.00487 0.04616 
26 0.12441 0.14653 0.32806 0.12949 0.18242 0.04004 0.00527 0.04379 
27 0.12134 0.15553 0.30201 0.13806 0.19531 0.03609 0.00571 0.04594 
28 0.11363 0.15197 0.29988 0.14601 0.19764 0.04234 0.00632 0.04220 
29 0.11394 0.15071 0.29517 0.14271 0.20087 0.04204 0.00870 0.04587 
30 0.11595 0.15076 0.31180 0.12593 0.19327 0.05434 0.00768 0.04027 
31 0.12027 0.15005 0.11974 0.18652 0.28780 0.05357 0.00833 0.04086 0.02216 0.01070 
32 0.11633 0.14621 0.12649 0.17759 0.29107 0.05400 0.00828 0.03801 0.02507 0.01696 
33 0.11830 0.14660 0.12742 0.16838 0.28757 0.05103 0.01256 0.03818 0.02582 0.02414 
34 0.12392 0.15988 0.12520 0.18830 0.24150 0.05423 0.01258 0.04194 0.02722 0.02522 
35 0.13578 0.16693 0.11717 0.18956 0.21023 0.06307 0.01609 0.04461 0.03010 0.02645 
36 0.12746 0.16596 0.10227 0.20560 0.20826 0.07485 0.01646 0.04324 0.03073 0.02518 
37 0.12609 0.17033 0.10356 0.20561 0.18315 0.09663 0.01815 0.04140 0.03005 0.02504 
38 0.12985 0.17339 0.11152 0.20992 0.17251 0.08684 0.01777 0.03881 0.03381 0.02559 
39 0.12552 0.18012 0.11121 0.21984 0.17215 0.07322 0.02070 0.03792 0.03493 0.02441 
40 0.12336 0.19081 0.11362 0.20404 0.16835 0.08316 0.01807 0.03774 0.03621 0.02463 
41 0.12463 0.18312 0.11617 0.20553 0.16605 0.08721 0.02330 0.03441 0.03397 0.02562 
42 0.12091 0.20275 0.12647 0.19768 0.15076 0.07901 0.02755 0.03344 0.03379 0.02765 
43 0.12237 0.20432 0.13058 0.19482 0.14493 0.08746 0.02743 0.03063 0.03092 0.02654 
44 0.11967 0.20824 0.13804 0.20068 0.13632 0.08177 0.03075 0.02864 0.03183 0.02407 
45 0.13432 0.19677 0.13873 0.18572 0.13590 0.09197 0.03554 0.02476 0.02609 0.03021 
46 0.21113 0.27824 0.19860 0.13938 0.04359 0.04076 0.04453 0.04377 
47 0.19095 0.29028 0.18758 0.12706 0.05586 0.04463 0.05879 0.04486 
48 0.18927 0.29886 0.19740 0.14110 0.05516 0.03819 0.03668 0.04334 
49 0.19047 0.28400 0.17706 0.13653 0.06352 0.04029 0.05780 0.05032 
50 0.20323 0.26773 0.18174 0.14883 0.05763 0.03582 0.05993 0.04509 
51 0.19782 0.25332 0.17365 0.15682 0.07353 0.04063 0.06616 0.03807 
52 0.21005 0.23346 0.18407 0.15417 0.07727 0.03050 0.07170 0.03878 
53 0.20200 0.23680 0.18927 0.14931 0.08388 0.03268 0.05922 0.04685 
54 0.20056 0.23037 0.18559 0.12805 0.10221 0.04612 0.05622 0.05088 
55 0.19302 0.22446 0.16730 0.13733 0.10388 0.05485 0.06695 0.05221 
56 0.19265 0.22531 0.17357 0.13661 0.11467 0.04383 0.06952 0.04384 
57 0.20185 0.25304 0.17376 0.12792 0.09899 0.04748 0.04974 0.04722 
58 0.18957 0.22965 0.17024 0.12851 0.09900 0.07089 0.05169 0.06046 
59 0.17556 0.24180 0.16512 0.13821 0.09180 0.07366 0.05058 0.06328 
60 0.17817 0.22996 0.15683 0.15022 0.09845 0.06896 0.05283 0.06458 
61 0.17965 0.24065 0.17109 0.13743 0.11486 0.04781 0.05371 0.05481 
62 0.17596 0.24126 0.18173 0.12221 0.11842 0.06016 0.05435 0.04590 
63 0.16586 0.22971 0.18423 0.12383 0.11835 0.08335 0.04581 0.04885 
64 0.16758 0.22715 0.18706 0.12352 0.14189 0.07332 0.04652 0.03297 
65 0.16579 0.22080 0.17692 0.13174 0.13978 0.08229 0.04257 0.04012 
66 0.16212 0.23181 0.18626 0.11728 0.14108 0.07896 0.04608 0.03641 
67 0.18580 0.20990 0.21087 0.11178 0.13279 0.07087 0.03899 0.03900 
68 0.18464 0.21207 0.18526 0.10941 0.14357 0.08791 0.04082 0.03633 
69 0.21343 0.24105 0.14941 0.06897 0.14244 0.10132 0.03638 0.04701 
70 0.19168 0.26187 0.16607 0.06978 0.13753 0.10375 0.03540 0.03391 
71 0.17513 0.23400 0.21812 0.06702 0.13170 0.10291 0.03273 0.03839 
72 0.21390 0.24566 0.15225 0.07079 0.14475 0.10524 0.02788 0.03953 
73 0.22397 0.25696 0.13673 0.07471 0.14869 0.09756 0.03146 0.02992 
74 0.21957 0.29102 0.14483 0.07071 0.10329 0.10627 0.03143 0.03288 
75 0.22440 0.27048 0.14674 0.06703 0.11537 0.10145 0.03150 0.04305 
76 0.11337 0.17718 0.08117 0.02696 0.05752 0.04555 0.02493 0.01990 0.02790 0.42554 
77 0.10384 0.16412 0.07237 0.03466 0.05932 0.05206 0.02628 0.02501 0.03231 0.43004 
78 0.10334 0.14649 0.06559 0.04079 0.06834 0.05952 0.02587 0.02422 0.03409 0.43176 
79 0.09009 0.13711 0.05664 0.02701 0.04161 0.04883 0.02148 0.02185 0.03364 0.52174 
80 0.08747 0.12130 0.06950 0.03002 0.03791 0.04396 0.02017 0.02496 0.03074 0.53396 
81 0.09899 0.13224 0.06496 0.02556 0.03655 0.04321 0.01784 0.02198 0.03017 0.52850 
82 0.08871 0.12764 0.07617 0.03895 0.04060 0.04041 0.01759 0.02174 0.03140 0.51678 
83 0.10106 0.13698 0.07290 0.03943 0.06267 0.05026 0.02177 0.02170 0.03475 0.45848 
84 0.10413 0.13301 0.08094 0.02525 0.05358 0.04746 0.01895 0.02389 0.03140 0.48139 
85 0.11500 0.16350 0.05983 0.02572 0.06225 0.04699 0.01946 0.01854 0.03148 0.45723 
86 0.10664 0.14813 0.06541 0.03134 0.06013 0.04650 0.02385 0.02359 0.03431 0.46011 
87 0.10579 0.15386 0.06090 0.03653 0.05350 0.05115 0.02363 0.02235 0.03721 0.45510 
88 0.12551 0.15306 0.05757 0.02831 0.06698 0.06221 0.02724 0.02249 0.03854 0.41809 
89 0.11942 0.14102 0.05849 0.03443 0.07035 0.05494 0.03060 0.02550 0.03723 0.42803 
90 0.11591 0.12690 0.06604 0.03737 0.06642 0.05957 0.02937 0.02380 0.04162 0.43299 
91 0.10354 0.12253 0.47706 0.05508 0.05456 0.03810 0.02556 0.02069 0.03180 0.05171 0.01938 
92 0.10749 0.12610 0.45110 0.05392 0.05472 0.04844 0.03004 0.02308 0.03348 0.04951 0.02213 
93 0.09509 0.12079 0.46954 0.06073 0.04961 0.04266 0.03069 0.02350 0.03603 0.04658 0.02478 
94 0.09834 0.12580 0.43437 0.06226 0.05378 0.04927 0.03349 0.02295 0.03890 0.05176 0.02907 
95 0.09951 0.13371 0.44171 0.05917 0.05905 0.04891 0.02743 0.01969 0.03413 0.05400 0.02269 
96 0.10360 0.13927 0.43868 0.06004 0.05386 0.04446 0.02591 0.02256 0.03127 0.05704 0.02332 
97 0.09842 0.13909 0.43125 0.06089 0.05908 0.04053 0.02762 0.02307 0.03886 0.05581 0.02538 
98 0.08552 0.12546 0.50574 0.05888 0.04589 0.03613 0.02305 0.01842 0.03276 0.04750 0.02065 
99 0.09105 0.13941 0.47649 0.05186 0.05138 0.03874 0.02680 0.02006 0.03152 0.04856 0.02414 
100 0.09314 0.12603 0.47279 0.05483 0.05097 0.03899 0.03081 0.02674 0.03313 0.04981 0.02277 
101 0.08895 0.14223 0.46119 0.05086 0.05477 0.04641 0.02925 0.02800 0.02572 0.05088 0.02173 
102 0.09670 0.13836 0.40645 0.07259 0.05636 0.04538 0.03350 0.02754 0.04910 0.05057 0.02345 
103 0.08635 0.13123 0.46090 0.06454 0.05547 0.03366 0.03125 0.02628 0.03731 0.05153 0.02146 
104 0.09379 0.13180 0.41252 0.06334 0.08201 0.04169 0.03483 0.02606 0.03647 0.05520 0.02230 
105 0.08414 0.13346 0.46323 0.05250 0.06220 0.04006 0.02865 0.02541 0.03564 0.05078 0.02393 
106 0.10625 0.16311 0.26900 0.06828 0.12492 0.10900 0.04652 0.05855 0.05436 
107 0.11271 0.18573 0.26106 0.06980 0.11770 0.10198 0.05288 0.05139 0.04676 
108 0.11016 0.20866 0.23758 0.06544 0.11631 0.11483 0.04873 0.05047 0.04781 
109 0.11090 0.21516 0.23550 0.07206 0.11494 0.11383 0.04581 0.05021 0.04159 
110 0.10820 0.21191 0.26182 0.06620 0.10220 0.10445 0.04621 0.05569 0.04332 
111 0.11811 0.17641 0.26820 0.06729 0.10745 0.10020 0.04648 0.06402 0.05184 
112 0.12531 0.18658 0.23884 0.05463 0.12071 0.11484 0.04259 0.06129 0.05522 
113 0.12858 0.19525 0.25899 0.02966 0.10684 0.11209 0.04159 0.06611 0.06089 
114 0.12581 0.20000 0.26777 0.02269 0.10498 0.11610 0.04026 0.06593 0.05646 
115 0.10974 0.21275 0.27604 0.02429 0.10428 0.11275 0.03912 0.06804 0.05299 
116 0.09655 0.23075 0.25417 0.02079 0.09978 0.13135 0.03996 0.07513 0.05152 
117 0.08812 0.23651 0.25100 0.02113 0.10456 0.13649 0.04175 0.07678 0.04367 
118 0.08899 0.21967 0.27085 0.03202 0.10802 0.10603 0.04218 0.08069 0.05155 
119 0.09369 0.22638 0.24975 0.03650 0.11203 0.11980 0.03912 0.07263 0.05009 
120 0.09699 0.20144 0.25211 0.05112 0.12056 0.10856 0.04172 0.07606 0.05144 
121 0.10604 0.06232 0.13567 0.17918 0.03004 0.07582 0.08391 0.07345 0.25357 
122 0.10217 0.06178 0.13729 0.18419 0.02375 0.07845 0.07258 0.07236 0.26743 
123 0.10893 0.05456 0.16254 0.17006 0.02610 0.07622 0.06811 0.06661 0.26687 
124 0.12199 0.07178 0.13721 0.17018 0.05155 0.08697 0.07691 0.06728 0.21612 
125 0.12158 0.08569 0.14510 0.17052 0.06754 0.08755 0.06257 0.06068 0.19877 
126 0.10983 0.07224 0.13828 0.15704 0.03735 0.08407 0.06740 0.05740 0.27639 
127 0.12992 0.06032 0.15398 0.17883 0.02777 0.08407 0.08724 0.06069 0.21719 
128 0.14680 0.06032 0.14418 0.18363 0.02637 0.08134 0.07447 0.06168 0.22120 
129 0.15315 0.06050 0.15435 0.15910 0.02964 0.07139 0.06628 0.05954 0.24605 
130 0.14906 0.06341 0.15886 0.15578 0.04657 0.07064 0.06626 0.06286 0.22655 
131 0.14089 0.06890 0.15934 0.15518 0.05037 0.08687 0.07138 0.06080 0.20628 
132 0.12335 0.06654 0.15340 0.14805 0.08070 0.08702 0.07311 0.05284 0.21499 
133 0.10985 0.07007 0.22024 0.16593 0.02957 0.07133 0.06985 0.05244 0.21072 
134 0.11819 0.08363 0.17956 0.15261 0.06092 0.06877 0.08192 0.06026 0.19414 
135 0.11773 0.09157 0.16325 0.16287 0.05640 0.08030 0.06802 0.05948 0.20039 
136 0.06395 0.11170 0.20286 0.07676 0.19373 0.16979 0.03039 0.07082 0.08000 
137 0.07540 0.11964 0.22196 0.07983 0.18521 0.16414 0.02095 0.06090 0.07197 
138 0.09994 0.11449 0.22822 0.06541 0.16788 0.16218 0.01283 0.06698 0.08207 
139 0.08745 0.10926 0.22593 0.07378 0.15592 0.17924 0.02802 0.06139 0.07901 
140 0.08556 0.10976 0.22553 0.07554 0.16441 0.18232 0.02848 0.05966 0.06875 
141 0.06859 0.17310 0.19685 0.07408 0.22183 0.14980 0.01599 0.04310 0.05666 
142 0.07429 0.22667 0.21713 0.07426 0.13077 0.15073 0.02174 0.04981 0.05460 
143 0.09368 0.17156 0.21490 0.08401 0.13782 0.16713 0.01769 0.05094 0.06225 
144 0.09200 0.13375 0.21743 0.08208 0.12926 0.21432 0.01597 0.04700 0.06819 
145 0.07629 0.13598 0.25333 0.08195 0.10888 0.19925 0.02109 0.04547 0.07777 
146 0.08081 0.15786 0.22214 0.09101 0.13469 0.20135 0.01543 0.03612 0.06059 
147 0.08825 0.13531 0.24485 0.07652 0.11154 0.21584 0.00964 0.03768 0.08038 
148 0.08651 0.12684 0.21955 0.08040 0.11232 0.22780 0.00830 0.05268 0.08560 
149 0.08327 0.14516 0.26038 0.08032 0.09933 0.20006 0.01035 0.04227 0.07886 
150 0.08375 0.11517 0.26630 0.08553 0.09280 0.21447 0.00979 0.03792 0.09427 
151 0.03983 0.07391 0.03033 0.03144 0.03472 0.08484 0.00315 0.01223 0.03079 0.29745 0.32973 0.03158 
152 0.03894 0.07384 0.03031 0.03293 0.03626 0.07002 0.00298 0.01279 0.02840 0.31508 0.33121 0.02724 
153 0.04655 0.08876 0.03500 0.03366 0.03773 0.07565 0.00537 0.01172 0.03124 0.28173 0.32063 0.03197 
154 0.04310 0.07841 0.03083 0.03210 0.03622 0.08338 0.00365 0.01121 0.02635 0.30927 0.31693 0.02855 
155 0.04962 0.08549 0.03394 0.02990 0.04133 0.09277 0.00460 0.01311 0.03058 0.28019 0.31004 0.02844 
156 0.05133 0.09647 0.03641 0.03364 0.04529 0.09409 0.00510 0.01239 0.03038 0.24157 0.31828 0.03506 
157 0.05058 0.09540 0.03382 0.03214 0.04202 0.07868 0.00369 0.01042 0.02438 0.24281 0.35942 0.02665 
158 0.05004 0.10053 0.03362 0.03266 0.03817 0.08487 0.00380 0.00880 0.02392 0.25170 0.34430 0.02758 
159 0.04520 0.09237 0.03239 0.03165 0.03463 0.08199 0.00345 0.00713 0.02436 0.24954 0.37286 0.02444 
160 0.05500 0.11315 0.04119 0.03581 0.04107 0.09190 0.00553 0.00861 0.02774 0.19540 0.35301 0.03157 
161 0.05572 0.12173 0.04037 0.03395 0.04294 0.09985 0.00536 0.00993 0.02748 0.20707 0.32868 0.02692 
162 0.05745 0.10178 0.04004 0.03442 0.03913 0.09722 0.00498 0.00800 0.02632 0.23165 0.33102 0.02798 
163 0.05346 0.10334 0.03582 0.03284 0.03423 0.08843 0.00441 0.00569 0.02423 0.24667 0.34545 0.02545 
164 0.05099 0.10569 0.03719 0.03524 0.03405 0.09148 0.00458 0.00611 0.02255 0.25627 0.32910 0.02675 
165 0.04934 0.10363 0.03512 0.03374 0.03206 0.07684 0.00387 0.00523 0.01854 0.23191 0.38576 0.02397 
166 0.05628 0.11197 0.41196 0.03795 0.08441 0.24540 0.00610 0.01856 0.02738 
167 0.05271 0.11600 0.38825 0.03434 0.09430 0.26617 0.00612 0.01871 0.02342 
168 0.05948 0.12603 0.38844 0.03663 0.10237 0.24043 0.00562 0.01820 0.02280 
169 0.05609 0.12995 0.39012 0.03347 0.08881 0.26116 0.00374 0.01521 0.02145 
170 0.05409 0.12433 0.36442 0.03529 0.08795 0.28601 0.00414 0.02032 0.02344 
171 0.05229 0.13090 0.36086 0.03598 0.09725 0.28030 0.00503 0.01570 0.02169 
172 0.04859 0.12818 0.36432 0.03746 0.10245 0.27240 0.00480 0.02076 0.02104 
173 0.04594 0.11718 0.37841 0.03377 0.09123 0.29395 0.00365 0.01700 0.01887 
174 0.04480 0.11566 0.39505 0.03653 0.08523 0.28195 0.00391 0.01678 0.02010 
175 0.04170 0.12269 0.38626 0.03508 0.08798 0.28576 0.00346 0.01826 0.01880 
176 0.03897 0.13405 0.38809 0.03221 0.09893 0.26713 0.00362 0.01748 0.01952 
177 0.03993 0.13595 0.35130 0.03207 0.10443 0.29756 0.00368 0.01735 0.01774 
178 0.04513 0.13476 0.38905 0.03590 0.10360 0.24522 0.00394 0.02029 0.02210 
179 0.04539 0.13632 0.36379 0.03431 0.10429 0.26262 0.00433 0.02436 0.02459 
180 0.04167 0.13291 0.40101 0.03184 0.10288 0.23773 0.00388 0.02398 0.02409 
181 0.04285 0.14496 0.40450 0.03263 0.11515 0.20535 0.00364 0.02819 0.02273 
182 0.04113 0.14677 0.40334 0.03232 0.11421 0.20713 0.00410 0.02711 0.02391 
183 0.03873 0.14260 0.39361 0.03235 0.11008 0.22935 0.00380 0.02535 0.02412 
184 0.03856 0.14678 0.40036 0.03266 0.10783 0.22287 0.00431 0.02381 0.02282 
185 0.03612 0.14362 0.40212 0.03176 0.11060 0.22364 0.00398 0.02370 0.02446 
186 0.03721 0.16033 0.39622 0.03266 0.11430 0.20809 0.00425 0.02387 0.02307 
187 0.03498 0.14024 0.40322 0.02994 0.11004 0.23080 0.00437 0.02307 0.02335 
188 0.03318 0.13451 0.40792 0.02927 0.10401 0.23988 0.00399 0.02150 0.02573 
189 0.03455 0.12634 0.40546 0.03157 0.10889 0.24244 0.00390 0.02366 0.02319 
190 0.03175 0.13087 0.40286 0.02891 0.10366 0.25466 0.00380 0.02052 0.02297 
191 0.03417 0.12146 0.40829 0.03231 0.10319 0.24565 0.00446 0.02316 0.02730 
192 0.03401 0.12245 0.38067 0.03317 0.10138 0.27586 0.00428 0.02249 0.02569 
193 0.03241 0.13736 0.38824 0.03017 0.10036 0.25988 0.00363 0.02388 0.02407 
194 0.03349 0.12987 0.38845 0.03155 0.10435 0.26121 0.00464 0.02373 0.02272 
195 0.03334 0.12484 0.38786 0.03168 0.10216 0.26938 0.00465 0.02201 0.02407 
196 0.03093 0.13584 0.37126 0.02894 0.10799 0.27347 0.00436 0.02081 0.02641 
197 0.03173 0.13352 0.38111 0.03055 0.10692 0.26287 0.00461 0.02271 0.02598 
198 0.03158 0.13454 0.35121 0.03082 0.11189 0.29047 0.00495 0.02099 0.02355 
199 0.02954 0.14737 0.36838 0.02722 0.11087 0.27374 0.00334 0.01796 0.02159 
200 0.03014 0.14382 0.36378 0.02711 0.10544 0.28707 0.00344 0.01657 0.02264 
201 0.03124 0.14268 0.35511 0.02634 0.10317 0.30035 0.00311 0.01669 0.02132 
202 0.02870 0.15894 0.35689 0.02432 0.11761 0.27848 0.00299 0.01412 0.01795 
203 0.02844 0.13611 0.38362 0.02431 0.10808 0.28202 0.00296 0.01562 0.01884 
204 0.02420 0.13763 0.36988 0.02238 0.12733 0.28913 0.00203 0.01140 0.01601 
205 0.02446 0.13022 0.34871 0.02315 0.14359 0.30295 0.00221 0.01165 0.01305 
206 0.02195 0.13450 0.35015 0.02141 0.14684 0.30153 0.00197 0.01012 0.01152 
207 0.01989 0.14340 0.35983 0.01823 0.14859 0.28744 0.00160 0.00936 0.01167 
208 0.01843 0.14727 0.37013 0.01707 0.14099 0.28753 0.00159 0.00778 0.00921 
209 0.02140 0.15127 0.37307 0.01849 0.14164 0.27617 0.00164 0.00776 0.00857 
210 0.02082 0.15191 0.37851 0.02047 0.14016 0.27015 0.00182 0.00676 0.00940 
211 0.02369 0.14169 0.36828 0.02267 0.14364 0.28180 0.00201 0.00719 0.00903 
212 0.01901 0.14003 0.38039 0.01966 0.14327 0.28046 0.00171 0.00746 0.00801 
213 0.01711 0.13888 0.35701 0.01837 0.15625 0.29648 0.00166 0.00755 0.00669 
214 0.01575 0.14024 0.32939 0.01955 0.15619 0.32145 0.00165 0.00708 0.00869 
215 0.01610 0.13220 0.31544 0.02007 0.16652 0.32952 0.00325 0.00923 0.00767 
216 0.01552 0.13333 0.30042 0.02211 0.18034 0.33025 0.00339 0.00735 0.00730 
217 0.01586 0.14194 0.30390 0.01885 0.17281 0.33193 0.00201 0.00581 0.00690 
218 0.01565 0.13177 0.29889 0.01894 0.17546 0.34595 0.00201 0.00500 0.00632 
219 0.01734 0.13537 0.29684 0.01996 0.17009 0.34395 0.00213 0.00625 0.00806 
220 0.01506 0.13981 0.30837 0.01816 0.16081 0.34474 0.00176 0.00487 0.00642 
221 0.01665 0.14325 0.33463 0.01996 0.13976 0.33152 0.00173 0.00572 0.00678 
222 0.01612 0.14358 0.32281 0.01931 0.15453 0.32979 0.00150 0.00530 0.00706 
223 0.01766 0.14853 0.32769 0.02067 0.15394 0.31776 0.00182 0.00573 0.00621 
224 0.01913 0.15437 0.32266 0.02234 0.16225 0.30284 0.00184 0.00714 0.00742 
225 0.01766 0.15167 0.34440 0.02080 0.15362 0.29538 0.00165 0.00617 0.00864 
226 0.01851 0.14289 0.35116 0.02084 0.14730 0.30467 0.00156 0.00522 0.00784 
227 0.01800 0.14355 0.33882 0.01867 0.14919 0.31881 0.00145 0.00494 0.00658 
228 0.01779 0.14719 0.34793 0.01803 0.14530 0.30947 0.00143 0.00523 0.00764 
229 0.01769 0.15617 0.33553 0.01871 0.15697 0.29805 0.00148 0.00587 0.00954 
230 0.01744 0.15346 0.33293 0.01968 0.15716 0.30498 0.00145 0.00442 0.00848 
231 0.01737 0.16248 0.32353 0.01786 0.16164 0.30307 0.00134 0.00440 0.00831 
232 0.01752 0.16457 0.29476 0.01784 0.17910 0.31253 0.00166 0.00440 0.00762 
233 0.01797 0.17651 0.31019 0.01854 0.17537 0.28694 0.00178 0.00491 0.00780 
234 0.01804 0.18547 0.29143 0.02001 0.19110 0.27979 0.00184 0.00520 0.00713 
235 0.01802 0.19392 0.28225 0.01971 0.19410 0.27842 0.00181 0.00430 0.00747 
236 0.01759 0.19368 0.27915 0.01831 0.19417 0.28339 0.00180 0.00452 0.00740 
237 0.01737 0.18998 0.27381 0.01702 0.19534 0.29091 0.00151 0.00500 0.00905 
238 0.01778 0.18113 0.26830 0.01685 0.19419 0.30809 0.00128 0.00520 0.00718 
239 0.01887 0.17974 0.26448 0.01823 0.19867 0.30453 0.00145 0.00586 0.00817 
240 0.01971 0.17585 0.26847 0.02064 0.18736 0.31213 0.00141 0.00574 0.00869 
241 0.01620 0.17670 0.23940 0.01766 0.19123 0.28122 0.00109 0.00550 0.00716 0.02217 0.03257 0.00909 
242 0.01543 0.17403 0.21120 0.01772 0.21509 0.29249 0.00115 0.00429 0.00716 0.02018 0.03350 0.00777 
243 0.01431 0.19163 0.19677 0.01689 0.23482 0.27331 0.00129 0.00494 0.00647 0.01931 0.03234 0.00792 
244 0.01478 0.18449 0.16978 0.01772 0.25992 0.28327 0.00140 0.00500 0.00694 0.01945 0.02854 0.00872 
245 0.01406 0.17923 0.16325 0.01713 0.26385 0.29181 0.00119 0.00578 0.00827 0.01857 0.02738 0.00947 
246 0.01419 0.17226 0.15403 0.01769 0.27672 0.29491 0.00118 0.00569 0.00807 0.01737 0.02772 0.01018 
247 0.01539 0.18164 0.16967 0.01951 0.25886 0.28001 0.00119 0.00580 0.00818 0.01837 0.03030 0.01109 
248 0.01526 0.18515 0.16993 0.01755 0.26385 0.27927 0.00091 0.00593 0.00727 0.01711 0.02680 0.01098 
249 0.01488 0.18505 0.16698 0.01684 0.27024 0.28181 0.00056 0.00592 0.00777 0.01466 0.02505 0.01025 
250 0.01366 0.19048 0.15631 0.01603 0.29004 0.27744 0.00068 0.00497 0.00709 0.01329 0.02189 0.00811 
251 0.01439 0.20602 0.14514 0.01752 0.30344 0.25340 0.00073 0.00458 0.00699 0.01423 0.02358 0.00998 
252 0.01615 0.20292 0.13571 0.01877 0.30614 0.25094 0.00089 0.00760 0.00828 0.01494 0.02716 0.01049 
253 0.01563 0.20883 0.12990 0.01822 0.31749 0.24143 0.00083 0.00609 0.00827 0.01480 0.02693 0.01157 
254 0.01490 0.21537 0.13238 0.01612 0.31874 0.23772 0.00064 0.00540 0.00797 0.01376 0.02598 0.01100 
255 0.01638 0.21454 0.13511 0.01722 0.30573 0.24054 0.00075 0.00682 0.00816 0.01446 0.02860 0.01167 
256 0.22699 0.13434 0.01460 0.32659 0.23828 0.03310 0.00600 0.00833 0.01178 
257 0.22503 0.12598 0.01390 0.33652 0.23679 0.03637 0.00565 0.00747 0.01227 
258 0.21805 0.11354 0.01322 0.36788 0.23036 0.03225 0.00545 0.00763 0.01162 
259 0.21356 0.11230 0.01466 0.36595 0.22518 0.04033 0.00622 0.00880 0.01301 
260 0.20727 0.10574 0.01371 0.37913 0.22746 0.04168 0.00509 0.00751 0.01242 
261 0.20469 0.10112 0.01319 0.39203 0.23022 0.03497 0.00505 0.00659 0.01214 
262 0.19585 0.09043 0.01193 0.41184 0.23647 0.03066 0.00506 0.00738 0.01037 
263 0.18983 0.08494 0.01296 0.42318 0.23595 0.03131 0.00484 0.00710 0.00988 
264 0.18160 0.08145 0.01447 0.41694 0.24611 0.03659 0.00435 0.00704 0.01146 
265 0.17561 0.08411 0.01584 0.41027 0.24996 0.03919 0.00569 0.00743 0.01190 
266 0.17959 0.09110 0.01608 0.38832 0.26358 0.03539 0.00662 0.00732 0.01201 
267 0.17477 0.09545 0.01507 0.37351 0.27357 0.04134 0.00633 0.00744 0.01253 
268 0.18245 0.09663 0.01208 0.39701 0.25869 0.03217 0.00579 0.00581 0.00936 
269 0.18179 0.08982 0.01332 0.42013 0.24410 0.03245 0.00334 0.00410 0.01096 
270 0.17571 0.08645 0.01475 0.43511 0.23324 0.03474 0.00445 0.00368 0.01186 
271 0.17495 0.08144 0.01451 0.44188 0.22843 0.03771 0.00574 0.00462 0.01073 
272 0.17599 0.08734 0.01580 0.43023 0.23081 0.03667 0.00585 0.00434 0.01297 
273 0.16883 0.09331 0.01601 0.41553 0.24602 0.03891 0.00605 0.00472 0.01062 
274 0.17493 0.09473 0.01676 0.40487 0.25015 0.03764 0.00601 0.00443 0.01047 
275 0.18811 0.09785 0.01525 0.41026 0.23348 0.03503 0.00592 0.00502 0.00908 
276 0.18543 0.09760 0.01752 0.40112 0.24150 0.03513 0.00734 0.00518 0.00919 
277 0.18068 0.08918 0.01448 0.43082 0.23718 0.02862 0.00585 0.00488 0.00831 
278 0.17494 0.08679 0.01407 0.43492 0.24225 0.02950 0.00445 0.00387 0.00922 
279 0.17307 0.07759 0.01312 0.45121 0.24526 0.02702 0.00318 0.00282 0.00674 
280 0.18256 0.07510 0.01228 0.46666 0.22929 0.02398 0.00211 0.00250 0.00550 
281 0.18451 0.07436 0.01272 0.46863 0.22107 0.02513 0.00430 0.00259 0.00669 
282 0.18911 0.07517 0.01391 0.46794 0.21175 0.02534 0.00568 0.00333 0.00777 
283 0.21033 0.07882 0.01383 0.47136 0.19027 0.02202 0.00352 0.00257 0.00728 
284 0.21638 0.07891 0.01423 0.47086 0.18977 0.01676 0.00395 0.00265 0.00650 
285 0.22872 0.08428 0.01385 0.46268 0.18087 0.01532 0.00517 0.00249 0.00663 
286 0.22804 0.07641 0.01407 0.44808 0.16506 0.01505 0.00554 0.00320 0.00689 0.01568 0.02111 0.00087 
287 0.23630 0.08034 0.01462 0.44196 0.15808 0.01651 0.00549 0.00272 0.00703 0.01551 0.02047 0.00097 
288 0.23386 0.07552 0.01663 0.44149 0.15440 0.02030 0.00617 0.00270 0.00866 0.01665 0.02232 0.00129 
289 0.22648 0.07526 0.01613 0.44223 0.16207 0.01853 0.00666 0.00283 0.00921 0.01672 0.02234 0.00155 
290 0.22629 0.06984 0.01640 0.45196 0.15554 0.02029 0.00522 0.00273 0.00955 0.01742 0.02328 0.00147 
291 0.23695 0.07454 0.01827 0.42767 0.15469 0.02171 0.00837 0.00398 0.00946 0.02000 0.02276 0.00160 
292 0.23453 0.07776 0.01816 0.42658 0.15122 0.02256 0.00713 0.00393 0.01190 0.02042 0.02403 0.00179 
293 0.24032 0.07457 0.01806 0.42864 0.14465 0.02269 0.00783 0.00366 0.01125 0.02128 0.02522 0.00182 
294 0.24779 0.06923 0.01708 0.44445 0.13666 0.01884 0.00674 0.00295 0.00882 0.02042 0.02538 0.00162 
295 0.24304 0.06698 0.01775 0.44594 0.13554 0.01900 0.00679 0.00372 0.00947 0.02134 0.02840 0.00203 
296 0.23935 0.06555 0.01863 0.44637 0.13169 0.02162 0.00731 0.00434 0.01186 0.02228 0.02878 0.00222 
297 0.24889 0.06816 0.01820 0.44019 0.12644 0.02326 0.00756 0.00554 0.01098 0.02154 0.02695 0.00229 
298 0.25805 0.07212 0.01600 0.43545 0.13083 0.01800 0.00636 0.00539 0.01078 0.02102 0.02437 0.00162 
299 0.26492 0.07154 0.01664 0.42858 0.12537 0.01836 0.00689 0.00536 0.01158 0.02242 0.02640 0.00194 
300 0.27991 0.07610 0.01710 0.41737 0.12003 0.01972 0.00380 0.00550 0.01157 0.02186 0.02541 0.00162 
301 0.30135 0.02333 0.07806 0.02816 0.43260 0.12106 0.00168 0.00714 0.00661 
302 0.28748 0.02282 0.07755 0.02849 0.44775 0.12202 0.00180 0.00602 0.00607 
303 0.30267 0.02330 0.07875 0.02851 0.43781 0.11781 0.00176 0.00422 0.00519 
304 0.31758 0.02445 0.07938 0.02983 0.42538 0.11278 0.00155 0.00403 0.00503 
305 0.32817 0.02276 0.07599 0.02758 0.42579 0.10912 0.00140 0.00429 0.00490 
306 0.32067 0.02406 0.07907 0.02879 0.42219 0.11102 0.00184 0.00611 0.00624 
307 0.31900 0.02441 0.07969 0.03007 0.41950 0.11541 0.00170 0.00494 0.00528 
308 0.31007 0.02252 0.07244 0.02906 0.44350 0.11159 0.00164 0.00419 0.00499 
309 0.29983 0.02244 0.06976 0.03068 0.45175 0.11331 0.00180 0.00460 0.00582 
310 0.28344 0.02276 0.06293 0.03027 0.47660 0.11104 0.00178 0.00500 0.00616 
311 0.28691 0.02162 0.05732 0.03023 0.49144 0.09883 0.00177 0.00550 0.00637 
312 0.27690 0.02233 0.05682 0.03172 0.49515 0.10320 0.00178 0.00523 0.00687 
313 0.26696 0.02123 0.05370 0.03119 0.50603 0.10520 0.00178 0.00697 0.00695 
314 0.27536 0.01879 0.05391 0.02746 0.50779 0.10341 0.00161 0.00498 0.00669 
315 0.26607 0.01943 0.05235 0.02906 0.50859 0.10830 0.00164 0.00678 0.00778 
316 0.02011 0.26064 0.03038 0.54046 0.11131 0.00187 0.00963 0.01021 0.01524 0.00016 
317 0.01928 0.25514 0.03023 0.54769 0.10808 0.00179 0.00993 0.01174 0.01599 0.00013 
318 0.01906 0.24806 0.03038 0.55942 0.09939 0.00193 0.01146 0.01415 0.01601 0.00014 
319 0.01924 0.23215 0.03144 0.57050 0.10136 0.00205 0.01143 0.01589 0.01590 0.00004 
320 0.01889 0.22861 0.03166 0.57289 0.10244 0.00231 0.01209 0.01709 0.01397 0.00004 
321 0.01908 0.22590 0.03161 0.56626 0.10747 0.00265 0.01319 0.01918 0.01462 0.00004 
322 0.01856 0.22230 0.03124 0.56307 0.10966 0.00263 0.01534 0.02406 0.01313 0.00001 
323 0.01865 0.22167 0.03125 0.56110 0.10859 0.00282 0.01665 0.02663 0.01265 0.00000 
324 0.01806 0.21200 0.03272 0.57358 0.09926 0.00270 0.01895 0.03044 0.01219 0.00010 
325 0.01905 0.20411 0.03363 0.57144 0.10280 0.00247 0.02001 0.03512 0.01128 0.00008 
326 0.01882 0.20565 0.03296 0.57552 0.09673 0.00225 0.02092 0.03582 0.01128 0.00007 
327 0.01915 0.19545 0.03367 0.58530 0.09651 0.00242 0.02213 0.03296 0.01238 0.00004 
328 0.01979 0.19274 0.03308 0.58446 0.09464 0.00255 0.02518 0.03498 0.01252 0.00008 
329 0.01936 0.18968 0.03292 0.59181 0.09523 0.00265 0.02310 0.03195 0.01322 0.00010 
330 0.02053 0.18861 0.03494 0.58544 0.09520 0.00258 0.02612 0.03194 0.01456 0.00008 
331 0.01984 0.18414 0.01287 0.03443 0.60635 0.00002 0.00251 0.02292 0.08978 0.02714 
332 0.01940 0.17981 0.01341 0.03374 0.60895 0.00005 0.00270 0.02544 0.08943 0.02707 
333 0.02031 0.17098 0.01504 0.03471 0.61330 0.00003 0.00263 0.02588 0.09084 0.02628 
334 0.02011 0.17345 0.01621 0.03371 0.60688 0.00003 0.00255 0.02752 0.09270 0.02684 
335 0.01981 0.17569 0.01563 0.03312 0.61521 0.00000 0.00241 0.02225 0.09189 0.02399 
336 0.02232 0.18584 0.01591 0.03498 0.59937 0.00004 0.00281 0.02233 0.09276 0.02366 
337 0.02319 0.19743 0.01561 0.03482 0.59312 0.00006 0.00267 0.02094 0.08961 0.02255 
338 0.02500 0.18798 0.01760 0.03654 0.59228 0.00011 0.00286 0.02274 0.09162 0.02327 
339 0.02424 0.19326 0.01613 0.03546 0.59970 0.00004 0.00255 0.01972 0.08783 0.02106 
340 0.02284 0.19513 0.01830 0.03352 0.60412 0.00004 0.00231 0.01784 0.08522 0.02069 
341 0.02266 0.18943 0.01711 0.03403 0.61215 0.00004 0.00211 0.01797 0.08523 0.01928 
342 0.02288 0.19787 0.01584 0.03582 0.60385 0.00005 0.00223 0.01649 0.08804 0.01693 
343 0.02259 0.20324 0.01551 0.03579 0.60003 0.00013 0.00222 0.01690 0.08652 0.01707 
344 0.02418 0.20958 0.01583 0.03779 0.59103 0.00015 0.00232 0.01661 0.08446 0.01804 
345 0.02358 0.20949 0.01433 0.03833 0.58911 0.00019 0.00233 0.01940 0.08364 0.01960 
346 0.02227 0.20940 0.03788 0.57874 0.07962 0.00228 0.01877 0.01938 0.03166 
347 0.02332 0.21693 0.03915 0.57760 0.07310 0.00227 0.01860 0.01798 0.03105 
348 0.02123 0.22089 0.03691 0.58580 0.06989 0.00214 0.01590 0.01786 0.02939 
349 0.02052 0.22283 0.03667 0.59151 0.06609 0.00180 0.01510 0.01673 0.02876 
350 0.02175 0.21955 0.03861 0.58161 0.06953 0.00218 0.01654 0.01886 0.03138 
351 0.02030 0.22051 0.03692 0.59011 0.06525 0.00196 0.01508 0.01746 0.03241 
352 0.02059 0.22623 0.03761 0.57487 0.06872 0.00209 0.01540 0.02035 0.03414 
353 0.02152 0.23321 0.03988 0.56637 0.06674 0.00218 0.01575 0.02049 0.03386 
354 0.01955 0.24823 0.03440 0.55713 0.06741 0.00197 0.01587 0.01996 0.03549 
355 0.02000 0.26205 0.03471 0.54420 0.06419 0.00175 0.01541 0.01975 0.03794 
356 0.02007 0.26301 0.03434 0.54303 0.06402 0.00168 0.01560 0.01876 0.03949 
357 0.01985 0.26170 0.03395 0.54525 0.06486 0.00155 0.01479 0.01821 0.03985 
358 0.02076 0.25444 0.03549 0.55213 0.06338 0.00174 0.01561 0.01678 0.03967 
359 0.01988 0.25618 0.03350 0.55638 0.06140 0.00163 0.01479 0.01648 0.03978 
360 0.01884 0.26297 0.03251 0.55874 0.05722 0.00151 0.01386 0.01687 0.03750 
361 0.01914 0.25951 0.03602 0.03420 0.56295 0.05512 0.00170 0.01488 0.01649 
362 0.01882 0.25879 0.03506 0.03380 0.56757 0.05511 0.00158 0.01438 0.01489 
363 0.01907 0.26255 0.03491 0.03505 0.56583 0.05275 0.00158 0.01379 0.01447 
364 0.01939 0.25719 0.03433 0.03586 0.57029 0.05111 0.00157 0.01409 0.01616 
365 0.01920 0.24812 0.03392 0.03774 0.57844 0.05142 0.00178 0.01475 0.01464 
366 0.01840 0.24187 0.03305 0.03727 0.58874 0.05055 0.00172 0.01428 0.01412 
367 0.01939 0.24139 0.03263 0.03682 0.58340 0.05392 0.00198 0.01560 0.01487 
368 0.01887 0.23835 0.03184 0.03602 0.58620 0.05374 0.00192 0.01580 0.01726 
369 0.01917 0.24545 0.03289 0.03671 0.57876 0.05412 0.00213 0.01627 0.01450 
370 0.01927 0.23386 0.03047 0.03892 0.58992 0.05304 0.00237 0.01728 0.01487 
371 0.02004 0.23557 0.03057 0.04061 0.58304 0.05383 0.00259 0.01759 0.01616 
372 0.01891 0.22597 0.02859 0.04128 0.59648 0.05339 0.00233 0.01712 0.01593 
373 0.01894 0.22013 0.02696 0.04066 0.60525 0.05302 0.00227 0.01709 0.01568 
374 0.01925 0.22076 0.02732 0.04147 0.60524 0.05209 0.00226 0.01710 0.01451 
375 0.01856 0.22524 0.02567 0.04037 0.60762 0.05088 0.00163 0.01602 0.01400 
376 0.21875 0.01904 0.02418 0.04302 0.61323 0.04979 0.00157 0.01532 0.01509 
377 0.22106 0.01941 0.02307 0.04558 0.61569 0.04325 0.00188 0.01640 0.01366 
378 0.20917 0.01956 0.02208 0.04506 0.62875 0.04490 0.00094 0.01549 0.01405 
379 0.21510 0.02054 0.02181 0.04590 0.61792 0.04561 0.00194 0.01643 0.01474 
380 0.21921 0.02026 0.02132 0.04394 0.61804 0.04469 0.00188 0.01505 0.01561 
381 0.21782 0.02043 0.02262 0.04560 0.61237 0.04760 0.00221 0.01574 0.01560 
382 0.21240 0.02029 0.02272 0.04529 0.61630 0.04796 0.00234 0.01633 0.01637 
383 0.21610 0.02014 0.02194 0.04431 0.61737 0.04609 0.00176 0.01573 0.01657 
384 0.21665 0.02123 0.02083 0.04564 0.61612 0.04457 0.00269 0.01637 0.01588 
385 0.21657 0.02126 0.01998 0.04692 0.62354 0.04055 0.00262 0.01543 0.01313 
386 0.21433 0.02101 0.01972 0.04620 0.62586 0.03914 0.00260 0.01683 0.01429 
387 0.21013 0.02021 0.01930 0.04661 0.62958 0.03995 0.00293 0.01690 0.01439 
388 0.20208 0.01969 0.02024 0.04548 0.64164 0.03944 0.00279 0.01586 0.01277 
389 0.20873 0.01948 0.02049 0.04369 0.63936 0.03855 0.00266 0.01533 0.01172 
390 0.21390 0.01821 0.02193 0.03956 0.63637 0.03986 0.00281 0.01603 0.01134 
391 0.01798 0.21347 0.02179 0.04017 0.63730 0.03925 0.00249 0.01575 0.01181 
392 0.01838 0.20261 0.02159 0.04106 0.64475 0.04001 0.00249 0.01640 0.01270 
393 0.01875 0.19356 0.02042 0.04463 0.65085 0.03935 0.00259 0.01727 0.01257 
394 0.01826 0.20050 0.01963 0.04094 0.65299 0.03612 0.00238 0.01729 0.01190 
395 0.01696 0.19311 0.01985 0.04016 0.66046 0.03825 0.00245 0.01561 0.01315 
396 0.01842 0.18997 0.02121 0.04467 0.65062 0.03906 0.00313 0.01852 0.01439 
397 0.01802 0.19798 0.02150 0.04503 0.64208 0.03763 0.00381 0.01897 0.01499 
398 0.01770 0.18585 0.02165 0.04500 0.64863 0.03962 0.00411 0.01988 0.01757 
399 0.01818 0.19685 0.02235 0.04442 0.63183 0.04071 0.00442 0.02312 0.01812 
400 0.01997 0.17798 0.02338 0.05091 0.63581 0.04106 0.00493 0.02582 0.02014 
401 0.02038 0.17541 0.02429 0.05183 0.63822 0.04052 0.00466 0.02361 0.02108 
402 0.02267 0.16557 0.02182 0.05522 0.64776 0.03858 0.00463 0.02409 0.01966 
403 0.02401 0.16724 0.02132 0.05658 0.64672 0.03763 0.00459 0.02386 0.01805 
404 0.02482 0.17074 0.02365 0.05482 0.63207 0.04365 0.00529 0.02543 0.01953 
405 0.02684 0.17754 0.02398 0.05414 0.62043 0.04603 0.00522 0.02465 0.02117 
406 0.02626 0.17424 0.02508 0.05433 0.62099 0.04765 0.00524 0.02503 0.02118 
407 0.02553 0.19122 0.02673 0.04941 0.60844 0.04969 0.00506 0.02356 0.02036 
408 0.02599 0.18782 0.02569 0.04864 0.61415 0.04832 0.00490 0.02422 0.02027 
409 0.02892 0.18140 0.02481 0.05243 0.61329 0.04681 0.00572 0.02621 0.02042 
410 0.02890 0.16878 0.02343 0.05238 0.62007 0.05128 0.00614 0.02701 0.02201 
411 0.02936 0.18046 0.02218 0.05376 0.61879 0.04408 0.00598 0.02600 0.01939 
412 0.02892 0.16434 0.02220 0.05238 0.63007 0.04418 0.00691 0.03086 0.02014 
413 0.02574 0.17753 0.02342 0.04638 0.62468 0.04609 0.00640 0.02972 0.02004 
414 0.02591 0.18458 0.02305 0.04377 0.62172 0.04625 0.00625 0.02916 0.01931 
415 0.02660 0.18083 0.02572 0.04475 0.61560 0.05211 0.00615 0.02920 0.01903 
416 0.02518 0.18243 0.02506 0.04269 0.61393 0.05404 0.00621 0.03069 0.01978 
417 0.02520 0.19406 0.02330 0.04088 0.61628 0.05053 0.00521 0.02818 0.01636 
418 0.02597 0.19624 0.02496 0.04057 0.60916 0.05228 0.00468 0.03002 0.01611 
419 0.02722 0.19150 0.02421 0.04149 0.60827 0.05489 0.00473 0.03107 0.01662 
420 0.03004 0.19419 0.02298 0.04563 0.60499 0.04726 0.00527 0.03227 0.01738 
421 0.03118 0.18266 0.02102 0.04660 0.61640 0.04665 0.00549 0.03343 0.01657 
422 0.03155 0.18963 0.02021 0.04531 0.61564 0.04451 0.00499 0.03237 0.01580 
423 0.02891 0.18990 0.01814 0.04398 0.62455 0.04141 0.00470 0.03382 0.01460 
424 0.03025 0.19327 0.01820 0.04493 0.61919 0.04031 0.00500 0.03409 0.01477 
425 0.03100 0.19322 0.01764 0.04676 0.61858 0.04019 0.00494 0.03392 0.01375 
426 0.03397 0.20519 0.02024 0.05044 0.59907 0.04135 0.00565 0.03024 0.01386 
427 0.03686 0.20582 0.02439 0.05112 0.58100 0.04729 0.00608 0.03371 0.01373 
428 0.03665 0.20369 0.02491 0.05210 0.58232 0.04599 0.00664 0.03334 0.01435 
429 0.03683 0.20705 0.02561 0.04834 0.58186 0.04729 0.00631 0.03260 0.01411 
430 0.03538 0.19985 0.02225 0.04677 0.60278 0.04187 0.00597 0.03149 0.01364 
431 0.03428 0.19747 0.01996 0.04818 0.61351 0.03910 0.00541 0.02974 0.01236 
432 0.03579 0.18936 0.01948 0.05239 0.61082 0.03903 0.00616 0.03316 0.01380 
433 0.03496 0.18287 0.01969 0.05387 0.61711 0.03983 0.00677 0.03251 0.01239 
434 0.03425 0.20229 0.01790 0.05406 0.60168 0.03675 0.00724 0.03299 0.01283 
435 0.03617 0.21248 0.01921 0.05497 0.58345 0.03895 0.00826 0.03311 0.01341 
436 0.03298 0.20404 0.01932 0.05391 0.56573 0.03923 0.00706 0.03040 0.01222 0.01693 0.01819 
437 0.03414 0.20098 0.01883 0.05562 0.56735 0.03703 0.00751 0.03095 0.01175 0.01754 0.01829 
438 0.03429 0.18902 0.01763 0.05837 0.58497 0.03504 0.00755 0.02705 0.01089 0.01829 0.01690 
439 0.03454 0.19646 0.01558 0.05953 0.57956 0.03352 0.00732 0.02465 0.01056 0.01843 0.01984 
440 0.03452 0.18737 0.01499 0.06459 0.59119 0.02923 0.00716 0.02380 0.01024 0.01895 0.01796 
441 0.03500 0.20174 0.01590 0.06245 0.58354 0.02982 0.00684 0.02368 0.01053 0.01790 0.01260 
442 0.03544 0.22450 0.01977 0.05831 0.55514 0.03308 0.00663 0.02430 0.00964 0.01932 0.01388 
443 0.03645 0.21593 0.02334 0.05804 0.54723 0.03792 0.00698 0.02614 0.01128 0.02291 0.01377 
444 0.03764 0.23029 0.02655 0.06024 0.51859 0.03976 0.00711 0.02555 0.01166 0.02485 0.01776 
445 0.03596 0.23284 0.02489 0.05779 0.53758 0.03501 0.00595 0.02248 0.01093 0.02220 0.01437 
446 0.03786 0.22299 0.02160 0.06166 0.55311 0.02996 0.00579 0.02195 0.01063 0.02077 0.01369 
447 0.03801 0.19749 0.01932 0.07059 0.56586 0.02957 0.00657 0.02521 0.01079 0.02146 0.01514 
448 0.03823 0.19563 0.01793 0.07066 0.57640 0.02754 0.00635 0.02320 0.01073 0.01927 0.01408 
449 0.03821 0.20118 0.01803 0.07214 0.56677 0.02905 0.00663 0.02430 0.01146 0.01887 0.01336 
450 0.03610 0.22476 0.02004 0.06556 0.55578 0.02975 0.00610 0.02307 0.01046 0.01722 0.01118 
451 0.03586 0.24148 0.02746 0.01932 0.01120 0.05802 0.53861 0.03609 0.00673 0.02396 0.00126 
452 0.03552 0.24011 0.02912 0.02109 0.01115 0.05978 0.53330 0.03666 0.00648 0.02305 0.00375 
453 0.03647 0.24605 0.03083 0.02084 0.01366 0.05811 0.52177 0.03987 0.00659 0.02021 0.00558 
454 0.03694 0.23734 0.02640 0.01685 0.01352 0.06241 0.53692 0.03621 0.00681 0.02111 0.00550 
455 0.03624 0.23078 0.02518 0.01574 0.01437 0.06887 0.54033 0.03412 0.00789 0.02147 0.00500 
456 0.03502 0.21466 0.02441 0.01564 0.01709 0.07507 0.55128 0.03362 0.00808 0.02038 0.00475 
457 0.03300 0.22375 0.02437 0.01580 0.01915 0.06899 0.55293 0.03128 0.00765 0.01993 0.00315 
458 0.03276 0.23240 0.02572 0.01620 0.01747 0.06776 0.54324 0.03344 0.00774 0.02044 0.00283 
459 0.03270 0.24012 0.02780 0.01640 0.01774 0.06755 0.52996 0.03520 0.00722 0.02284 0.00246 
460 0.03094 0.24707 0.02915 0.01596 0.01406 0.06404 0.53214 0.03629 0.00682 0.02138 0.00214 
461 0.03134 0.24490 0.02947 0.01543 0.01293 0.06604 0.53504 0.03611 0.00710 0.01932 0.00232 
462 0.02919 0.24777 0.02879 0.01417 0.01273 0.06100 0.54108 0.03602 0.00678 0.02036 0.00211 
463 0.03017 0.24943 0.02894 0.01531 0.01505 0.06458 0.52997 0.03627 0.00673 0.02136 0.00219 
464 0.02808 0.24256 0.02538 0.01320 0.01559 0.06402 0.54905 0.03318 0.00649 0.02029 0.00215 
465 0.02827 0.22990 0.02456 0.01329 0.01819 0.06876 0.55389 0.03366 0.00671 0.02064 0.00215 
466 0.01338 0.03079 0.23191 0.01751 0.07632 0.59697 0.00241 0.00714 0.02357 
467 0.01339 0.03025 0.22991 0.01753 0.07399 0.60043 0.00241 0.00718 0.02491 
468 0.01296 0.03001 0.23391 0.01716 0.07398 0.59697 0.00205 0.00724 0.02571 
469 0.01419 0.02915 0.23327 0.02177 0.07333 0.59467 0.00221 0.00733 0.02408 
470 0.01487 0.03017 0.23879 0.02254 0.06872 0.58644 0.00237 0.00785 0.02825 
471 0.01483 0.03094 0.23109 0.02086 0.07141 0.59163 0.00236 0.00786 0.02902 
472 0.01517 0.03373 0.24756 0.02137 0.07165 0.57209 0.00240 0.00810 0.02792 
473 0.01486 0.03324 0.23627 0.02222 0.07252 0.58097 0.00305 0.00822 0.02863 
474 0.01463 0.03510 0.24948 0.02168 0.07008 0.57083 0.00299 0.00843 0.02680 
475 0.01205 0.03470 0.24542 0.02005 0.07195 0.57716 0.00305 0.00803 0.02759 
476 0.01238 0.03521 0.24190 0.01528 0.07577 0.58501 0.00227 0.00759 0.02460 
477 0.01270 0.03511 0.23918 0.01445 0.07494 0.58464 0.00252 0.00832 0.02813 
478 0.01507 0.03673 0.21522 0.02001 0.08435 0.58888 0.00245 0.00831 0.02897 
479 0.01359 0.03562 0.22966 0.01675 0.08183 0.59011 0.00216 0.00771 0.02258 
480 0.01370 0.03554 0.22787 0.02060 0.08050 0.58604 0.00241 0.00803 0.02531 
481 0.01375 0.03550 0.22887 0.01985 0.07946 0.58551 0.00230 0.00806 0.02671 
482 0.01363 0.03461 0.23065 0.02099 0.07897 0.58542 0.00249 0.00834 0.02490 
483 0.01403 0.03432 0.23020 0.01998 0.08050 0.58404 0.00265 0.00843 0.02585 
484 0.01327 0.03240 0.22896 0.01954 0.07942 0.58856 0.00258 0.00841 0.02685 
485 0.01260 0.03011 0.23588 0.01737 0.07594 0.59411 0.00229 0.00811 0.02359 
486 0.01321 0.02984 0.22768 0.01637 0.07750 0.59645 0.00253 0.00864 0.02778 
487 0.01390 0.03105 0.23414 0.01795 0.07571 0.59020 0.00278 0.00939 0.02487 
488 0.01380 0.03057 0.24846 0.01693 0.07074 0.58242 0.00223 0.00852 0.02632 
489 0.01594 0.03407 0.24155 0.01808 0.07000 0.57777 0.00315 0.01035 0.02910 
490 0.01452 0.03140 0.25385 0.01492 0.06797 0.57523 0.00264 0.01080 0.02867 
491 0.01484 0.03152 0.25941 0.01478 0.06813 0.57039 0.00276 0.01141 0.02677 
492 0.01500 0.03389 0.26854 0.01507 0.06706 0.55740 0.00269 0.01095 0.02941 
493 0.01517 0.03315 0.24995 0.01470 0.07075 0.57324 0.00244 0.01089 0.02970 
494 0.01534 0.03519 0.25785 0.01537 0.07151 0.56458 0.00247 0.01062 0.02706 
495 0.01722 0.03628 0.23712 0.01740 0.07410 0.56895 0.00277 0.01172 0.03446 
496 0.01737 0.03597 0.23749 0.01744 0.07512 0.57285 0.00258 0.01129 0.02989 
497 0.01671 0.03490 0.24332 0.01722 0.07130 0.57310 0.00215 0.01032 0.03098 
