1 0.19297 0.15920 0.16100 0.13830 0.19275 0.04410 0.00871 0.10298 
2 0.19205 0.16374 0.15149 0.13758 0.19653 0.04418 0.00836 0.10606 
3 0.17654 0.15879 0.16616 0.13234 0.20526 0.04799 0.00938 0.10354 
4 0.19790 0.20017 0.15866 0.24936 0.06170 0.00917 0.12303 
5 0.20092 0.21329 0.15407 0.24230 0.06105 0.01026 0.11810 
6 0.17064 0.16385 0.17796 0.12272 0.20228 0.05101 0.00727 0.10428 
7 0.16915 0.16195 0.18820 0.12960 0.19552 0.04849 0.00604 0.10104 
8 0.16882 0.16287 0.18345 0.13627 0.19724 0.04689 0.00677 0.09769 
9 0.15844 0.16646 0.20946 0.14098 0.18263 0.04333 0.00710 0.09159 
10 0.15185 0.16407 0.22145 0.14248 0.17671 0.04428 0.01038 0.08877 
11 0.19137 0.21628 0.18586 0.22975 0.05353 0.01294 0.11027 
12 0.17879 0.20088 0.26075 0.21286 0.04545 0.00887 0.09240 
13 0.18834 0.21458 0.25826 0.18958 0.04603 0.00791 0.09530 
14 0.14997 0.17303 0.22342 0.14949 0.18071 0.04006 0.00664 0.07669 
15 0.14264 0.17251 0.23759 0.13568 0.18383 0.04019 0.00684 0.08073 
16 0.14682 0.16944 0.23780 0.13629 0.18580 0.04196 0.00696 0.07492 
17 0.15308 0.17880 0.21969 0.13211 0.19309 0.03900 0.00603 0.07820 
18 0.14389 0.17520 0.23652 0.12266 0.20166 0.03885 0.00646 0.07476 
19 0.14270 0.17598 0.25129 0.13098 0.21535 0.00692 0.07678 
20 0.14537 0.17408 0.21650 0.13299 0.21364 0.04222 0.07520 
21 0.15133 0.17352 0.25674 0.14888 0.22441 0.04045 0.00467 
22 0.14066 0.16716 0.24427 0.13449 0.21328 0.03774 0.00429 0.05812 
23 0.14493 0.16564 0.24641 0.14171 0.20809 0.03629 0.00400 0.05294 
24 0.13751 0.15908 0.27519 0.14023 0.20014 0.03646 0.00409 0.04730 
25 0.13520 0.15547 0.28510 0.14123 0.19617 0.03580 0.00487 0.04616 
26 0.12441 0.14653 0.32806 0.12949 0.18242 0.04004 0.00527 0.04379 
27 0.12134 0.15553 0.13806 0.19531 0.30201 0.03609 0.00571 0.04594 
28 0.11363 0.15197 0.14601 0.19764 0.29988 0.04234 0.00632 0.04220 
29 0.11394 0.15071 0.14271 0.20087 0.29517 0.04204 0.00870 0.04587 
30 0.11595 0.15076 0.12593 0.19327 0.31180 0.05434 0.00768 0.04027 
31 0.12436 0.15515 0.12381 0.19285 0.29758 0.05539 0.00861 0.04225 
32 0.12144 0.15262 0.13204 0.18538 0.30384 0.05637 0.00864 0.03968 
33 0.17922 0.23684 0.40448 0.07178 0.01766 0.05370 0.03631 
34 0.18119 0.27252 0.34950 0.07848 0.01821 0.06070 0.03940 
35 0.16804 0.27186 0.30149 0.09045 0.02308 0.06397 0.03794 0.04317 
36 0.14473 0.29098 0.29474 0.10593 0.02330 0.06119 0.03563 0.04349 
37 0.14719 0.29223 0.26031 0.13733 0.02579 0.05884 0.03560 0.04271 
38 0.16005 0.30128 0.24759 0.12463 0.02551 0.05570 0.03672 0.04852 
39 0.16015 0.31660 0.24792 0.10545 0.02980 0.05462 0.03516 0.05030 
40 0.16566 0.29752 0.24547 0.12126 0.02635 0.05503 0.03592 0.05280 
41 0.16781 0.29690 0.23987 0.12598 0.03366 0.04971 0.03701 0.04907 
42 0.18699 0.29227 0.22290 0.11682 0.04073 0.04945 0.04088 0.04997 
43 0.19394 0.28935 0.21525 0.12989 0.04073 0.04549 0.03942 0.04592 
44 0.20539 0.29858 0.20282 0.12166 0.04575 0.04262 0.03581 0.04736 
45 0.20739 0.27764 0.20317 0.13749 0.05313 0.03701 0.04516 0.03900 
46 0.21113 0.27824 0.19860 0.13938 0.04359 0.04076 0.04453 0.04377 
47 0.19095 0.29028 0.18758 0.12706 0.05586 0.04463 0.05879 0.04486 
48 0.18927 0.29886 0.19740 0.14110 0.05516 0.03819 0.03668 0.04334 
49 0.19047 0.28400 0.17706 0.13653 0.06352 0.04029 0.05780 0.05032 
50 0.20323 0.26773 0.18174 0.14883 0.05763 0.03582 0.05993 0.04509 
51 0.19782 0.25332 0.17365 0.15682 0.07353 0.04063 0.06616 0.03807 
52 0.21005 0.23346 0.18407 0.15417 0.07727 0.03050 0.07170 0.03878 
53 0.20200 0.23680 0.18927 0.14931 0.08388 0.03268 0.05922 0.04685 
54 0.20056 0.23037 0.18559 0.12805 0.10221 0.04612 0.05622 0.05088 
55 0.19302 0.22446 0.16730 0.13733 0.10388 0.05485 0.06695 0.05221 
56 0.19265 0.22531 0.17357 0.13661 0.11467 0.04383 0.06952 0.04384 
57 0.20185 0.25304 0.17376 0.12792 0.09899 0.04748 0.04974 0.04722 
58 0.18957 0.22965 0.17024 0.12851 0.09900 0.07089 0.05169 0.06046 
59 0.17556 0.24180 0.16512 0.13821 0.09180 0.07366 0.05058 0.06328 
60 0.17817 0.22996 0.15683 0.15022 0.09845 0.06896 0.05283 0.06458 
61 0.17965 0.24065 0.17109 0.13743 0.11486 0.04781 0.05371 0.05481 
62 0.17596 0.24126 0.18173 0.12221 0.11842 0.06016 0.05435 0.04590 
63 0.16586 0.22971 0.18423 0.12383 0.11835 0.08335 0.04581 0.04885 
64 0.16758 0.22715 0.18706 0.12352 0.14189 0.07332 0.04652 0.03297 
65 0.16579 0.22080 0.17692 0.13174 0.13978 0.08229 0.04257 0.04012 
66 0.16212 0.23181 0.18626 0.11728 0.14108 0.07896 0.04608 0.03641 
67 0.18580 0.20990 0.21087 0.11178 0.13279 0.07087 0.03899 0.03900 
68 0.18464 0.21207 0.18526 0.10941 0.14357 0.08791 0.04082 0.03633 
69 0.21343 0.24105 0.14941 0.06897 0.14244 0.10132 0.03638 0.04701 
70 0.19168 0.26187 0.16607 0.06978 0.13753 0.10375 0.03540 0.03391 
71 0.17513 0.23400 0.21812 0.06702 0.13170 0.10291 0.03273 0.03839 
72 0.21390 0.24566 0.15225 0.07079 0.14475 0.10524 0.02788 0.03953 
73 0.22397 0.25696 0.13673 0.07471 0.14869 0.09756 0.03146 0.02992 
74 0.21957 0.29102 0.14483 0.07071 0.10329 0.10627 0.03143 0.03288 
75 0.22440 0.27048 0.14674 0.06703 0.11537 0.10145 0.03150 0.04305 
76 0.20742 0.32416 0.14851 0.04932 0.10524 0.08333 0.04560 0.03640 
77 0.20868 0.32982 0.06965 0.11922 0.10463 0.06493 0.05281 0.05027 
78 0.20559 0.29144 0.08115 0.13595 0.11841 0.06781 0.05146 0.04818 
79 0.21368 0.32520 0.06407 0.09869 0.11581 0.07978 0.05094 0.05182 
80 0.22059 0.30590 0.07571 0.09561 0.11087 0.07752 0.05086 0.06294 
81 0.24349 0.32529 0.06288 0.08990 0.10629 0.07421 0.04388 0.05407 
82 0.21794 0.31359 0.09569 0.09974 0.09928 0.07713 0.04322 0.05340 
83 0.11385 0.15432 0.51650 0.07060 0.05662 0.03915 0.02452 0.02444 
84 0.11651 0.14881 0.53858 0.05994 0.05310 0.03513 0.02121 0.02672 
85 0.12576 0.17879 0.50001 0.06808 0.05138 0.03443 0.02128 0.02028 
86 0.11806 0.16399 0.50939 0.06657 0.05148 0.03798 0.02641 0.02612 
87 0.11720 0.17046 0.50423 0.05927 0.05667 0.04122 0.02618 0.02477 
88 0.13730 0.16744 0.45737 0.07328 0.06805 0.04216 0.02980 0.02461 
89 0.13166 0.15547 0.47188 0.07755 0.06056 0.04104 0.03373 0.02811 
90 0.12928 0.14154 0.48293 0.07408 0.06644 0.04642 0.03276 0.02655 
91 0.11541 0.13658 0.53177 0.06139 0.06082 0.04246 0.02849 0.02307 
92 0.12011 0.14091 0.50408 0.06025 0.06115 0.05413 0.03357 0.02579 
93 0.20711 0.26311 0.07847 0.13229 0.10807 0.09291 0.06685 0.05119 
94 0.20286 0.25949 0.08024 0.12843 0.11093 0.10162 0.06908 0.04735 
95 0.20663 0.27764 0.07087 0.12286 0.12261 0.10155 0.05696 0.04088 
96 0.21540 0.28957 0.06502 0.12483 0.11198 0.09245 0.05386 0.04690 
97 0.19574 0.27661 0.11099 0.07728 0.12108 0.11750 0.05493 0.04587 
98 0.19548 0.28678 0.10857 0.07488 0.13460 0.10490 0.05269 0.04209 
99 0.19767 0.30265 0.10541 0.06842 0.11258 0.11154 0.05819 0.04354 
100 0.20011 0.27077 0.10701 0.07118 0.11780 0.10951 0.06619 0.05745 
101 0.10334 0.18066 0.28884 0.05224 0.10329 0.11124 0.04413 0.05940 0.05686 
102 0.09224 0.17640 0.25240 0.08957 0.13242 0.10282 0.04277 0.06112 0.05025 
103 0.10196 0.17085 0.25963 0.07382 0.12768 0.10976 0.04246 0.06184 0.05200 
104 0.10114 0.17184 0.24148 0.06683 0.11605 0.15026 0.04085 0.06381 0.04775 
105 0.10223 0.16939 0.26870 0.07175 0.10570 0.12523 0.04817 0.05768 0.05115 
106 0.10625 0.16311 0.26900 0.06828 0.12492 0.10900 0.04652 0.05855 0.05436 
107 0.11271 0.18573 0.26106 0.06980 0.11770 0.10198 0.05288 0.05139 0.04676 
108 0.11016 0.20866 0.23758 0.06544 0.11631 0.11483 0.04873 0.05047 0.04781 
109 0.11090 0.21516 0.23550 0.07206 0.11494 0.11383 0.04581 0.05021 0.04159 
110 0.10820 0.21191 0.26182 0.06620 0.10220 0.10445 0.04621 0.05569 0.04332 
111 0.12386 0.18501 0.28127 0.07058 0.11268 0.10509 0.06714 0.05437 
112 0.13088 0.19488 0.24947 0.05706 0.12608 0.11995 0.06401 0.05768 
113 0.13416 0.20372 0.27023 0.03095 0.11148 0.11695 0.06898 0.06353 
114 0.13109 0.20839 0.27901 0.02364 0.10938 0.12097 0.06870 0.05882 
115 0.11421 0.22141 0.28727 0.02528 0.10853 0.11734 0.07081 0.05515 
116 0.10057 0.24036 0.26475 0.02165 0.10393 0.13682 0.07825 0.05367 
117 0.09635 0.25860 0.27444 0.02310 0.11432 0.14924 0.08395 
118 0.09820 0.24239 0.29886 0.03533 0.11919 0.11700 0.08903 
119 0.10287 0.24856 0.27421 0.04007 0.12301 0.13153 0.07975 
120 0.10695 0.22214 0.27801 0.05637 0.13294 0.11972 0.08388 
121 0.15757 0.09260 0.20160 0.26625 0.04463 0.11267 0.12468 
122 0.15475 0.09357 0.20795 0.27899 0.03597 0.11883 0.10994 
123 0.09086 0.14858 0.07442 0.22171 0.23197 0.03560 0.10396 0.09290 
124 0.08583 0.15563 0.09157 0.17504 0.21710 0.06577 0.11095 0.09811 
125 0.07573 0.15174 0.10695 0.18110 0.21283 0.08429 0.10927 0.07809 
126 0.07933 0.15178 0.09983 0.19110 0.21702 0.05161 0.11619 0.09315 
127 0.06069 0.12992 0.21719 0.06032 0.15398 0.17883 0.02777 0.08407 0.08724 
128 0.06168 0.14680 0.22120 0.06032 0.14418 0.18363 0.02637 0.08134 0.07447 
129 0.05954 0.15315 0.24605 0.06050 0.15435 0.15910 0.02964 0.07139 0.06628 
130 0.06286 0.14906 0.22655 0.06341 0.15886 0.15578 0.04657 0.07064 0.06626 
131 0.06080 0.14089 0.20628 0.06890 0.15934 0.15518 0.05037 0.08687 0.07138 
132 0.05284 0.12335 0.21499 0.06654 0.15340 0.14805 0.08070 0.08702 0.07311 
133 0.05244 0.10985 0.21072 0.07007 0.22024 0.16593 0.02957 0.07133 0.06985 
134 0.06026 0.11819 0.19414 0.08363 0.17956 0.15261 0.06092 0.06877 0.08192 
135 0.05948 0.11773 0.20039 0.09157 0.16325 0.16287 0.05640 0.08030 0.06802 
136 0.06395 0.11170 0.20286 0.07676 0.19373 0.16979 0.03039 0.07082 0.08000 
137 0.11964 0.07540 0.22196 0.07983 0.18521 0.16414 0.02095 0.06090 0.07197 
138 0.11449 0.09994 0.22822 0.06541 0.16788 0.16218 0.01283 0.06698 0.08207 
139 0.10926 0.22593 0.08745 0.07378 0.15592 0.17924 0.02802 0.06139 0.07901 
140 0.10976 0.22553 0.08556 0.07554 0.16441 0.18232 0.02848 0.05966 0.06875 
141 0.17310 0.19685 0.06859 0.07408 0.22183 0.14980 0.01599 0.04310 0.05666 
142 0.22667 0.21713 0.07429 0.07426 0.13077 0.15073 0.02174 0.04981 0.05460 
143 0.17156 0.21490 0.09368 0.08401 0.13782 0.16713 0.01769 0.05094 0.06225 
144 0.13375 0.21743 0.09200 0.08208 0.12926 0.21432 0.01597 0.04700 0.06819 
145 0.13598 0.25333 0.07629 0.08195 0.10888 0.19925 0.02109 0.04547 0.07777 
146 0.15786 0.22214 0.08081 0.09101 0.13469 0.20135 0.01543 0.03612 0.06059 
147 0.13531 0.24485 0.08825 0.07652 0.11154 0.21584 0.00964 0.03768 0.08038 
148 0.12684 0.21955 0.08651 0.08040 0.11232 0.22780 0.00830 0.05268 0.08560 
149 0.14516 0.26038 0.08327 0.08032 0.09933 0.20006 0.01035 0.04227 0.07886 
150 0.11517 0.26630 0.08375 0.08553 0.09280 0.21447 0.00979 0.03792 0.09427 
151 0.11671 0.21659 0.08887 0.09214 0.10175 0.24862 0.00924 0.03585 0.09022 
152 0.11928 0.22618 0.09283 0.10088 0.11106 0.21448 0.00912 0.03916 0.08699 
153 0.07251 0.13825 0.05451 0.05242 0.05876 0.11783 0.43880 0.01825 0.04866 
154 0.06622 0.12047 0.04736 0.04932 0.05565 0.12811 0.47516 0.01722 0.04048 
155 0.05132 0.08841 0.03510 0.32063 0.03092 0.04274 0.09594 0.28976 0.01356 0.03162 
156 0.05348 0.10051 0.03793 0.33160 0.03505 0.04718 0.09802 0.25167 0.01291 0.03165 
157 0.05216 0.09838 0.03488 0.37067 0.03314 0.04334 0.08114 0.25040 0.01075 0.02514 
158 0.05166 0.10379 0.03471 0.35545 0.03372 0.03941 0.08762 0.25986 0.00908 0.02470 
159 0.04810 0.09829 0.39678 0.03368 0.03685 0.08725 0.26555 0.00759 0.02592 
160 0.05967 0.12277 0.38300 0.03885 0.04456 0.09971 0.21200 0.00934 0.03009 
161 0.06055 0.13227 0.35713 0.04665 0.10850 0.22499 0.01079 0.02986 0.02925 
162 0.06241 0.11056 0.35959 0.04251 0.10561 0.25165 0.00869 0.02859 0.03040 
163 0.05768 0.11148 0.37267 0.03693 0.09540 0.26611 0.00613 0.02614 0.02745 
164 0.05525 0.11451 0.35656 0.03689 0.09912 0.27765 0.00662 0.02443 0.02898 
165 0.05321 0.11176 0.41601 0.03457 0.08287 0.25010 0.00564 0.02000 0.02585 
166 0.05628 0.11197 0.41196 0.03795 0.08441 0.24540 0.00610 0.01856 0.02738 
167 0.05271 0.11600 0.38825 0.03434 0.09430 0.26617 0.00612 0.01871 0.02342 
168 0.05948 0.12603 0.38844 0.03663 0.10237 0.24043 0.00562 0.01820 0.02280 
169 0.05609 0.12995 0.39012 0.03347 0.08881 0.26116 0.00374 0.01521 0.02145 
170 0.05409 0.12433 0.36442 0.03529 0.08795 0.28601 0.00414 0.02032 0.02344 
171 0.05229 0.13090 0.36086 0.03598 0.09725 0.28030 0.00503 0.01570 0.02169 
172 0.04859 0.12818 0.36432 0.03746 0.10245 0.27240 0.00480 0.02076 0.02104 
173 0.04594 0.11718 0.37841 0.03377 0.09123 0.29395 0.00365 0.01700 0.01887 
174 0.04480 0.11566 0.39505 0.03653 0.08523 0.28195 0.00391 0.01678 0.02010 
175 0.04170 0.12269 0.38626 0.03508 0.08798 0.28576 0.00346 0.01826 0.01880 
176 0.03897 0.13405 0.38809 0.03221 0.09893 0.26713 0.00362 0.01748 0.01952 
177 0.03993 0.13595 0.35130 0.03207 0.10443 0.29756 0.00368 0.01735 0.01774 
178 0.04513 0.13476 0.38905 0.03590 0.10360 0.24522 0.00394 0.02029 0.02210 
179 0.04539 0.13632 0.36379 0.03431 0.10429 0.26262 0.00433 0.02436 0.02459 
180 0.04167 0.13291 0.40101 0.03184 0.10288 0.23773 0.00388 0.02398 0.02409 
181 0.04285 0.14496 0.40450 0.03263 0.11515 0.20535 0.00364 0.02819 0.02273 
182 0.04113 0.14677 0.40334 0.03232 0.11421 0.20713 0.00410 0.02711 0.02391 
183 0.03873 0.14260 0.39361 0.03235 0.11008 0.22935 0.00380 0.02535 0.02412 
184 0.03856 0.14678 0.40036 0.03266 0.10783 0.22287 0.00431 0.02381 0.02282 
185 0.03612 0.14362 0.40212 0.03176 0.11060 0.22364 0.00398 0.02370 0.02446 
186 0.03721 0.16033 0.39622 0.03266 0.11430 0.20809 0.00425 0.02387 0.02307 
187 0.03498 0.14024 0.40322 0.02994 0.11004 0.23080 0.00437 0.02307 0.02335 
188 0.03318 0.13451 0.40792 0.02927 0.10401 0.23988 0.00399 0.02150 0.02573 
189 0.03455 0.12634 0.40546 0.03157 0.10889 0.24244 0.00390 0.02366 0.02319 
190 0.03175 0.13087 0.40286 0.02891 0.10366 0.25466 0.00380 0.02052 0.02297 
191 0.03417 0.12146 0.40829 0.03231 0.10319 0.24565 0.00446 0.02316 0.02730 
192 0.03401 0.12245 0.38067 0.03317 0.10138 0.27586 0.00428 0.02249 0.02569 
193 0.03241 0.13736 0.38824 0.03017 0.10036 0.25988 0.00363 0.02388 0.02407 
194 0.03349 0.12987 0.38845 0.03155 0.10435 0.26121 0.00464 0.02373 0.02272 
195 0.03334 0.12484 0.38786 0.03168 0.10216 0.26938 0.00465 0.02201 0.02407 
196 0.03093 0.13584 0.37126 0.02894 0.10799 0.27347 0.00436 0.02081 0.02641 
197 0.03173 0.13352 0.38111 0.03055 0.10692 0.26287 0.00461 0.02271 0.02598 
198 0.03158 0.13454 0.35121 0.03082 0.11189 0.29047 0.00495 0.02099 0.02355 
199 0.02954 0.14737 0.36838 0.02722 0.11087 0.27374 0.00334 0.01796 0.02159 
200 0.03014 0.14382 0.36378 0.02711 0.10544 0.28707 0.00344 0.01657 0.02264 
201 0.03124 0.14268 0.35511 0.02634 0.10317 0.30035 0.00311 0.01669 0.02132 
202 0.02870 0.15894 0.35689 0.02432 0.11761 0.27848 0.00299 0.01412 0.01795 
203 0.02844 0.13611 0.38362 0.02431 0.10808 0.28202 0.00296 0.01562 0.01884 
204 0.02420 0.13763 0.36988 0.02238 0.12733 0.28913 0.00203 0.01140 0.01601 
205 0.02446 0.13022 0.34871 0.02315 0.14359 0.30295 0.00221 0.01165 0.01305 
206 0.02195 0.13450 0.35015 0.02141 0.14684 0.30153 0.00197 0.01012 0.01152 
207 0.01989 0.14340 0.35983 0.01823 0.14859 0.28744 0.00160 0.00936 0.01167 
208 0.01843 0.14727 0.37013 0.01707 0.14099 0.28753 0.00159 0.00778 0.00921 
209 0.02140 0.15127 0.37307 0.01849 0.14164 0.27617 0.00164 0.00776 0.00857 
210 0.02082 0.15191 0.37851 0.02047 0.14016 0.27015 0.00182 0.00676 0.00940 
211 0.02369 0.14169 0.36828 0.02267 0.14364 0.28180 0.00201 0.00719 0.00903 
212 0.01901 0.14003 0.38039 0.01966 0.14327 0.28046 0.00171 0.00746 0.00801 
213 0.01711 0.13888 0.35701 0.01837 0.15625 0.29648 0.00166 0.00755 0.00669 
214 0.01575 0.14024 0.32939 0.01955 0.15619 0.32145 0.00165 0.00708 0.00869 
215 0.01610 0.13220 0.31544 0.02007 0.16652 0.32952 0.00325 0.00923 0.00767 
216 0.01552 0.13333 0.30042 0.02211 0.18034 0.33025 0.00339 0.00735 0.00730 
217 0.01586 0.14194 0.30390 0.01885 0.17281 0.33193 0.00201 0.00581 0.00690 
218 0.01565 0.13177 0.29889 0.01894 0.17546 0.34595 0.00201 0.00500 0.00632 
219 0.01734 0.13537 0.29684 0.01996 0.17009 0.34395 0.00213 0.00625 0.00806 
220 0.01506 0.13981 0.30837 0.01816 0.16081 0.34474 0.00176 0.00487 0.00642 
221 0.01665 0.14325 0.33463 0.01996 0.13976 0.33152 0.00173 0.00572 0.00678 
222 0.01612 0.14358 0.32281 0.01931 0.15453 0.32979 0.00150 0.00530 0.00706 
223 0.01766 0.14853 0.32769 0.02067 0.15394 0.31776 0.00182 0.00573 0.00621 
224 0.01913 0.15437 0.32266 0.02234 0.16225 0.30284 0.00184 0.00714 0.00742 
225 0.01766 0.15167 0.34440 0.02080 0.15362 0.29538 0.00165 0.00617 0.00864 
226 0.01851 0.14289 0.35116 0.02084 0.14730 0.30467 0.00156 0.00522 0.00784 
227 0.01800 0.14355 0.33882 0.01867 0.14919 0.31881 0.00145 0.00494 0.00658 
228 0.01779 0.14719 0.34793 0.01803 0.14530 0.30947 0.00143 0.00523 0.00764 
229 0.01769 0.15617 0.33553 0.01871 0.15697 0.29805 0.00148 0.00587 0.00954 
230 0.01744 0.15346 0.33293 0.01968 0.15716 0.30498 0.00145 0.00442 0.00848 
231 0.01737 0.16248 0.32353 0.01786 0.16164 0.30307 0.00134 0.00440 0.00831 
232 0.01752 0.16457 0.29476 0.01784 0.17910 0.31253 0.00166 0.00440 0.00762 
233 0.01797 0.17651 0.31019 0.01854 0.17537 0.28694 0.00178 0.00491 0.00780 
234 0.01804 0.18547 0.29143 0.02001 0.19110 0.27979 0.00184 0.00520 0.00713 
235 0.01802 0.19392 0.28225 0.01971 0.19410 0.27842 0.00181 0.00430 0.00747 
236 0.01759 0.19368 0.27915 0.01831 0.19417 0.28339 0.00180 0.00452 0.00740 
237 0.01737 0.18998 0.27381 0.01702 0.19534 0.29091 0.00151 0.00500 0.00905 
238 0.01778 0.18113 0.26830 0.01685 0.19419 0.30809 0.00128 0.00520 0.00718 
239 0.01887 0.17974 0.26448 0.01823 0.19867 0.30453 0.00145 0.00586 0.00817 
240 0.01971 0.17585 0.26847 0.02064 0.18736 0.31213 0.00141 0.00574 0.00869 
241 0.01730 0.18874 0.25572 0.01887 0.20427 0.30040 0.00117 0.00588 0.00764 
242 0.01644 0.18542 0.22503 0.01888 0.22917 0.31164 0.00122 0.00457 0.00763 
243 0.01522 0.20377 0.20923 0.01796 0.24970 0.29062 0.00137 0.00526 0.00687 
244 0.01567 0.19558 0.17998 0.01879 0.27554 0.30030 0.00148 0.00531 0.00735 
245 0.18116 0.16501 0.01421 0.01877 0.01732 0.26670 0.29496 0.02768 0.00584 0.00835 
246 0.17424 0.15579 0.01435 0.01757 0.01789 0.27990 0.29830 0.02804 0.00576 0.00816 
247 0.18390 0.17178 0.01558 0.01860 0.01975 0.26208 0.28349 0.03067 0.00587 0.00828 
248 0.18738 0.17197 0.01544 0.01731 0.01776 0.26702 0.28263 0.02712 0.00600 0.00735 
249 0.18707 0.16880 0.01505 0.01482 0.01702 0.27319 0.28489 0.02532 0.00598 0.00786 
250 0.19217 0.15769 0.01379 0.01341 0.01617 0.29261 0.27990 0.02208 0.00501 0.00715 
251 0.21133 0.14888 0.01460 0.01797 0.31126 0.25993 0.02418 0.00469 0.00717 
252 0.20867 0.13955 0.01536 0.01931 0.31481 0.25805 0.02793 0.00781 0.00852 
253 0.21633 0.13457 0.01533 0.32890 0.25011 0.02790 0.00631 0.00857 0.01199 
254 0.22242 0.13671 0.01421 0.32916 0.24549 0.02683 0.00558 0.00823 0.01136 
255 0.22218 0.13991 0.01498 0.31661 0.24910 0.02962 0.00706 0.00845 0.01209 
256 0.22699 0.13434 0.01460 0.32659 0.23828 0.03310 0.00600 0.00833 0.01178 
257 0.22503 0.12598 0.01390 0.33652 0.23679 0.03637 0.00565 0.00747 0.01227 
258 0.21805 0.11354 0.01322 0.36788 0.23036 0.03225 0.00545 0.00763 0.01162 
259 0.21356 0.11230 0.01466 0.36595 0.22518 0.04033 0.00622 0.00880 0.01301 
260 0.20727 0.10574 0.01371 0.37913 0.22746 0.04168 0.00509 0.00751 0.01242 
261 0.20469 0.10112 0.01319 0.39203 0.23022 0.03497 0.00505 0.00659 0.01214 
262 0.19585 0.09043 0.01193 0.41184 0.23647 0.03066 0.00506 0.00738 0.01037 
263 0.18983 0.08494 0.01296 0.42318 0.23595 0.03131 0.00484 0.00710 0.00988 
264 0.18160 0.08145 0.01447 0.41694 0.24611 0.03659 0.00435 0.00704 0.01146 
265 0.17561 0.08411 0.01584 0.41027 0.24996 0.03919 0.00569 0.00743 0.01190 
266 0.17959 0.09110 0.01608 0.38832 0.26358 0.03539 0.00662 0.00732 0.01201 
267 0.17477 0.09545 0.01507 0.37351 0.27357 0.04134 0.00633 0.00744 0.01253 
268 0.18245 0.09663 0.01208 0.39701 0.25869 0.03217 0.00579 0.00581 0.00936 
269 0.18179 0.08982 0.01332 0.42013 0.24410 0.03245 0.00334 0.00410 0.01096 
270 0.17571 0.08645 0.01475 0.43511 0.23324 0.03474 0.00445 0.00368 0.01186 
271 0.17495 0.08144 0.01451 0.44188 0.22843 0.03771 0.00574 0.00462 0.01073 
272 0.17599 0.08734 0.01580 0.43023 0.23081 0.03667 0.00585 0.00434 0.01297 
273 0.16883 0.09331 0.01601 0.41553 0.24602 0.03891 0.00605 0.00472 0.01062 
274 0.17493 0.09473 0.01676 0.40487 0.25015 0.03764 0.00601 0.00443 0.01047 
275 0.18811 0.09785 0.01525 0.41026 0.23348 0.03503 0.00592 0.00502 0.00908 
276 0.18543 0.09760 0.01752 0.40112 0.24150 0.03513 0.00734 0.00518 0.00919 
277 0.18068 0.08918 0.01448 0.43082 0.23718 0.02862 0.00585 0.00488 0.00831 
278 0.17494 0.08679 0.01407 0.43492 0.24225 0.02950 0.00445 0.00387 0.00922 
279 0.17307 0.07759 0.01312 0.45121 0.24526 0.02702 0.00318 0.00282 0.00674 
280 0.18256 0.07510 0.01228 0.46666 0.22929 0.02398 0.00211 0.00250 0.00550 
281 0.18451 0.07436 0.01272 0.46863 0.22107 0.02513 0.00430 0.00259 0.00669 
282 0.18911 0.07517 0.01391 0.46794 0.21175 0.02534 0.00568 0.00333 0.00777 
283 0.21033 0.07882 0.01383 0.47136 0.19027 0.02202 0.00352 0.00257 0.00728 
284 0.21638 0.07891 0.01423 0.47086 0.18977 0.01676 0.00395 0.00265 0.00650 
285 0.22872 0.08428 0.01385 0.46268 0.18087 0.01532 0.00517 0.00249 0.00663 
286 0.23697 0.07940 0.01462 0.46561 0.17152 0.01564 0.00576 0.00332 0.00716 
287 0.24536 0.08342 0.01518 0.45892 0.16415 0.01714 0.00570 0.00283 0.00730 
288 0.24367 0.07869 0.01733 0.46001 0.16088 0.02116 0.00643 0.00281 0.00902 
289 0.23607 0.07845 0.01681 0.46095 0.16893 0.01931 0.00694 0.00295 0.00960 
290 0.23625 0.07292 0.01713 0.47186 0.16239 0.02119 0.00545 0.00285 0.00997 
291 0.24928 0.07842 0.02104 0.02394 0.44991 0.16273 0.00168 0.00881 0.00419 
292 0.24756 0.08208 0.02156 0.02536 0.45027 0.15962 0.00189 0.00753 0.00414 
293 0.25350 0.07867 0.02244 0.02661 0.45215 0.15259 0.00192 0.00826 0.00386 
294 0.25940 0.07247 0.02138 0.02657 0.46527 0.14306 0.00170 0.00706 0.00309 
295 0.25481 0.02238 0.07022 0.02978 0.46755 0.14211 0.00212 0.00712 0.00391 
296 0.25251 0.02350 0.06915 0.03036 0.47091 0.13893 0.00234 0.00771 0.00458 
297 0.02273 0.26266 0.07193 0.02844 0.46455 0.13344 0.00242 0.00798 0.00585 
298 0.02200 0.27015 0.07551 0.02551 0.45587 0.13697 0.00170 0.00665 0.00565 
299 0.27786 0.02351 0.07504 0.02769 0.44952 0.13150 0.00203 0.00722 0.00563 
300 0.29414 0.02298 0.07997 0.02670 0.43860 0.12614 0.00170 0.00399 0.00578 
301 0.30135 0.02333 0.07806 0.02816 0.43260 0.12106 0.00168 0.00714 0.00661 
302 0.28748 0.02282 0.07755 0.02849 0.44775 0.12202 0.00180 0.00602 0.00607 
303 0.02330 0.30267 0.07875 0.02851 0.43781 0.11781 0.00176 0.00422 0.00519 
304 0.02445 0.31758 0.07938 0.02983 0.42538 0.11278 0.00155 0.00403 0.00503 
305 0.02276 0.32817 0.07599 0.02758 0.42579 0.10912 0.00140 0.00429 0.00490 
306 0.02406 0.32067 0.07907 0.02879 0.42219 0.11102 0.00184 0.00611 0.00624 
307 0.02653 0.34662 0.03267 0.45582 0.12541 0.00185 0.00537 0.00573 
308 0.02428 0.33429 0.03132 0.47814 0.12031 0.00177 0.00451 0.00538 
309 0.02412 0.32231 0.03298 0.48563 0.12181 0.00194 0.00495 0.00626 
310 0.02429 0.30248 0.03230 0.50861 0.11850 0.00190 0.00534 0.00657 
311 0.02293 0.30436 0.03207 0.52132 0.10484 0.00188 0.00584 0.00676 
312 0.02368 0.29358 0.03363 0.52498 0.10942 0.00189 0.00554 0.00728 
313 0.02243 0.28211 0.03296 0.53475 0.11117 0.00188 0.00736 0.00734 
314 0.01986 0.29105 0.02902 0.53672 0.10931 0.00170 0.00527 0.00707 
315 0.02050 0.28077 0.03066 0.53669 0.11428 0.00173 0.00715 0.00821 
316 0.02042 0.26471 0.03086 0.54891 0.11305 0.00190 0.00978 0.01037 
317 0.01960 0.25932 0.03072 0.55666 0.10985 0.00182 0.01009 0.01194 
318 0.01937 0.25213 0.03088 0.56860 0.10102 0.00196 0.01165 0.01438 
319 0.01955 0.23592 0.03195 0.57974 0.10300 0.00208 0.01161 0.01615 
320 0.01916 0.23186 0.03211 0.58103 0.10390 0.00234 0.01226 0.01733 
321 0.01937 0.22927 0.03208 0.57468 0.10907 0.00269 0.01339 0.01946 
322 0.01881 0.22527 0.03165 0.57057 0.11112 0.00266 0.01554 0.02438 
323 0.01889 0.22451 0.03165 0.56829 0.10998 0.00286 0.01686 0.02697 
324 0.01828 0.21464 0.03312 0.58072 0.10050 0.00273 0.01919 0.03082 
325 0.02210 0.23676 0.03902 0.66286 0.01309 0.00009 0.00287 0.02321 
326 0.02169 0.23707 0.03799 0.66346 0.01300 0.00008 0.00260 0.02411 
327 0.02200 0.22451 0.01422 0.03867 0.67235 0.00004 0.00278 0.02543 
328 0.02273 0.22144 0.01438 0.03801 0.67150 0.00009 0.00293 0.02893 
329 0.02218 0.21732 0.01514 0.03772 0.67804 0.00011 0.00304 0.02646 
330 0.02352 0.21608 0.01669 0.04003 0.67071 0.00010 0.00295 0.02993 
331 0.02246 0.20852 0.01458 0.03899 0.68663 0.00002 0.00284 0.02595 
332 0.02196 0.20352 0.01517 0.03819 0.68925 0.00006 0.00305 0.02879 
333 0.02301 0.19366 0.01703 0.03932 0.69465 0.00003 0.00297 0.02932 
334 0.02284 0.19700 0.01841 0.03829 0.68928 0.00004 0.00290 0.03125 
335 0.02241 0.19872 0.03746 0.69585 0.01768 0.00000 0.00272 0.02517 
336 0.02526 0.21032 0.03959 0.67834 0.01801 0.00004 0.00318 0.02527 
337 0.02356 0.20058 0.03538 0.60256 0.09103 0.00271 0.02128 0.02290 
338 0.02545 0.19137 0.03720 0.60296 0.09328 0.00291 0.02315 0.02369 
339 0.02464 0.19644 0.03604 0.60956 0.08928 0.00259 0.02005 0.02141 
340 0.02326 0.19877 0.03415 0.61541 0.08681 0.00236 0.01817 0.02107 
341 0.02305 0.19274 0.03462 0.62283 0.08672 0.00214 0.01828 0.01961 
342 0.02325 0.20106 0.03640 0.61360 0.08946 0.00226 0.01676 0.01720 
343 0.02295 0.20647 0.03636 0.60957 0.08789 0.00225 0.01717 0.01734 
344 0.02457 0.21299 0.03840 0.60063 0.08583 0.00236 0.01688 0.01834 
345 0.02393 0.21257 0.03890 0.59779 0.08487 0.00236 0.01969 0.01989 
346 0.02300 0.21625 0.03911 0.59766 0.08222 0.00235 0.01938 0.02002 
347 0.02407 0.22388 0.04040 0.59611 0.07544 0.00234 0.01920 0.01856 
348 0.02187 0.22758 0.03802 0.60354 0.07200 0.00221 0.01638 0.01840 
349 0.02113 0.22942 0.03776 0.60902 0.06804 0.00185 0.01555 0.01722 
350 0.02245 0.22666 0.03986 0.60045 0.07178 0.00225 0.01707 0.01947 
351 0.02098 0.22790 0.03816 0.60987 0.06743 0.00202 0.01558 0.01805 
352 0.02132 0.23423 0.03894 0.59518 0.07115 0.00216 0.01594 0.02107 
353 0.02152 0.23321 0.03386 0.03988 0.56637 0.06674 0.00218 0.01575 0.02049 
354 0.01955 0.24823 0.03549 0.03440 0.55713 0.06741 0.00197 0.01587 0.01996 
355 0.02000 0.26205 0.03794 0.03471 0.54420 0.06419 0.00175 0.01541 0.01975 
356 0.02007 0.26301 0.03949 0.03434 0.54303 0.06402 0.00168 0.01560 0.01876 
357 0.01985 0.26170 0.03985 0.03395 0.54525 0.06486 0.00155 0.01479 0.01821 
358 0.02076 0.25444 0.03967 0.03549 0.55213 0.06338 0.00174 0.01561 0.01678 
359 0.01988 0.25618 0.03978 0.03350 0.55638 0.06140 0.00163 0.01479 0.01648 
360 0.01884 0.26297 0.03750 0.03251 0.55874 0.05722 0.00151 0.01386 0.01687 
361 0.01914 0.25951 0.03602 0.03420 0.56295 0.05512 0.00170 0.01488 0.01649 
362 0.01882 0.25879 0.03506 0.03380 0.56757 0.05511 0.00158 0.01438 0.01489 
363 0.01907 0.26255 0.03491 0.03505 0.56583 0.05275 0.00158 0.01379 0.01447 
364 0.01939 0.25719 0.03433 0.03586 0.57029 0.05111 0.00157 0.01409 0.01616 
365 0.01920 0.24812 0.03392 0.03774 0.57844 0.05142 0.00178 0.01475 0.01464 
366 0.01840 0.24187 0.03305 0.03727 0.58874 0.05055 0.00172 0.01428 0.01412 
367 0.01939 0.24139 0.03263 0.03682 0.58340 0.05392 0.00198 0.01560 0.01487 
368 0.01887 0.23835 0.03184 0.03602 0.58620 0.05374 0.00192 0.01580 0.01726 
369 0.24545 0.01917 0.03289 0.03671 0.57876 0.05412 0.00213 0.01627 0.01450 
370 0.23386 0.01927 0.03047 0.03892 0.58992 0.05304 0.00237 0.01728 0.01487 
371 0.23557 0.02004 0.03057 0.04061 0.58304 0.05383 0.00259 0.01759 0.01616 
372 0.22597 0.01891 0.02859 0.04128 0.59648 0.05339 0.00233 0.01712 0.01593 
373 0.22013 0.01894 0.02696 0.04066 0.60525 0.05302 0.00227 0.01709 0.01568 
374 0.22076 0.01925 0.02732 0.04147 0.60524 0.05209 0.00226 0.01710 0.01451 
375 0.22524 0.01856 0.02567 0.04037 0.60762 0.05088 0.00163 0.01602 0.01400 
376 0.21875 0.01904 0.02418 0.04302 0.61323 0.04979 0.00157 0.01532 0.01509 
377 0.01941 0.22106 0.02307 0.04558 0.61569 0.04325 0.00188 0.01640 0.01366 
378 0.01956 0.20917 0.02208 0.04506 0.62875 0.04490 0.00094 0.01549 0.01405 
379 0.02054 0.21510 0.02181 0.04590 0.61792 0.04561 0.00194 0.01643 0.01474 
380 0.02026 0.21921 0.02132 0.04394 0.61804 0.04469 0.00188 0.01505 0.01561 
381 0.02043 0.21782 0.02262 0.04560 0.61237 0.04760 0.00221 0.01574 0.01560 
382 0.02029 0.21240 0.02272 0.04529 0.61630 0.04796 0.00234 0.01633 0.01637 
383 0.02014 0.21610 0.02194 0.04431 0.61737 0.04609 0.00176 0.01573 0.01657 
384 0.02123 0.21665 0.02083 0.04564 0.61612 0.04457 0.00269 0.01637 0.01588 
385 0.02126 0.21657 0.01998 0.04692 0.62354 0.04055 0.00262 0.01543 0.01313 
386 0.02101 0.21433 0.01972 0.04620 0.62586 0.03914 0.00260 0.01683 0.01429 
387 0.02021 0.21013 0.01930 0.04661 0.62958 0.03995 0.00293 0.01690 0.01439 
388 0.01969 0.20208 0.02024 0.04548 0.64164 0.03944 0.00279 0.01586 0.01277 
389 0.01948 0.20873 0.02049 0.04369 0.63936 0.03855 0.00266 0.01533 0.01172 
390 0.01821 0.21390 0.02193 0.03956 0.63637 0.03986 0.00281 0.01603 0.01134 
391 0.01798 0.21347 0.02179 0.04017 0.63730 0.03925 0.00249 0.01575 0.01181 
392 0.01838 0.20261 0.02159 0.04106 0.64475 0.04001 0.00249 0.01640 0.01270 
393 0.01875 0.19356 0.02042 0.04463 0.65085 0.03935 0.00259 0.01727 0.01257 
394 0.01826 0.20050 0.01963 0.04094 0.65299 0.03612 0.00238 0.01729 0.01190 
395 0.01696 0.19311 0.01985 0.04016 0.66046 0.03825 0.00245 0.01561 0.01315 
396 0.01842 0.18997 0.02121 0.04467 0.65062 0.03906 0.00313 0.01852 0.01439 
397 0.01802 0.19798 0.02150 0.04503 0.64208 0.03763 0.00381 0.01897 0.01499 
398 0.01770 0.18585 0.02165 0.04500 0.64863 0.03962 0.00411 0.01988 0.01757 
399 0.01818 0.19685 0.02235 0.04442 0.63183 0.04071 0.00442 0.02312 0.01812 
400 0.01997 0.17798 0.02338 0.05091 0.63581 0.04106 0.00493 0.02582 0.02014 
401 0.02038 0.17541 0.02429 0.05183 0.63822 0.04052 0.00466 0.02361 0.02108 
402 0.02267 0.16557 0.02182 0.05522 0.64776 0.03858 0.00463 0.02409 0.01966 
403 0.02401 0.16724 0.02132 0.05658 0.64672 0.03763 0.00459 0.02386 0.01805 
404 0.02482 0.17074 0.02365 0.05482 0.63207 0.04365 0.00529 0.02543 0.01953 
405 0.02684 0.17754 0.02398 0.05414 0.62043 0.04603 0.00522 0.02465 0.02117 
406 0.02626 0.17424 0.02508 0.05433 0.62099 0.04765 0.00524 0.02503 0.02118 
407 0.02553 0.19122 0.02673 0.04941 0.60844 0.04969 0.00506 0.02356 0.02036 
408 0.02599 0.18782 0.02569 0.04864 0.61415 0.04832 0.00490 0.02422 0.02027 
409 0.02892 0.18140 0.02481 0.05243 0.61329 0.04681 0.00572 0.02621 0.02042 
410 0.02890 0.16878 0.02343 0.05238 0.62007 0.05128 0.00614 0.02701 0.02201 
411 0.02936 0.18046 0.02218 0.05376 0.61879 0.04408 0.00598 0.02600 0.01939 
412 0.02892 0.16434 0.02220 0.05238 0.63007 0.04418 0.00691 0.03086 0.02014 
413 0.02574 0.17753 0.02342 0.04638 0.62468 0.04609 0.00640 0.02972 0.02004 
414 0.02591 0.18458 0.02305 0.04377 0.62172 0.04625 0.00625 0.02916 0.01931 
415 0.02660 0.18083 0.02572 0.04475 0.61560 0.05211 0.00615 0.02920 0.01903 
416 0.02518 0.18243 0.02506 0.04269 0.61393 0.05404 0.00621 0.03069 0.01978 
417 0.02520 0.19406 0.02330 0.04088 0.61628 0.05053 0.00521 0.02818 0.01636 
418 0.02597 0.19624 0.02496 0.04057 0.60916 0.05228 0.00468 0.03002 0.01611 
419 0.02722 0.19150 0.02421 0.04149 0.60827 0.05489 0.00473 0.03107 0.01662 
420 0.03004 0.19419 0.02298 0.04563 0.60499 0.04726 0.00527 0.03227 0.01738 
421 0.03118 0.18266 0.02102 0.04660 0.61640 0.04665 0.00549 0.03343 0.01657 
422 0.03155 0.18963 0.02021 0.04531 0.61564 0.04451 0.00499 0.03237 0.01580 
423 0.02891 0.18990 0.01814 0.04398 0.62455 0.04141 0.00470 0.03382 0.01460 
424 0.03025 0.19327 0.01820 0.04493 0.61919 0.04031 0.00500 0.03409 0.01477 
425 0.03100 0.19322 0.01764 0.04676 0.61858 0.04019 0.00494 0.03392 0.01375 
426 0.03397 0.20519 0.02024 0.05044 0.59907 0.04135 0.00565 0.03024 0.01386 
427 0.03686 0.20582 0.02439 0.05112 0.58100 0.04729 0.00608 0.03371 0.01373 
428 0.03665 0.20369 0.02491 0.05210 0.58232 0.04599 0.00664 0.03334 0.01435 
429 0.03683 0.20705 0.02561 0.04834 0.58186 0.04729 0.00631 0.03260 0.01411 
430 0.03538 0.19985 0.02225 0.04677 0.60278 0.04187 0.00597 0.03149 0.01364 
431 0.03428 0.19747 0.01996 0.04818 0.61351 0.03910 0.00541 0.02974 0.01236 
432 0.03579 0.18936 0.01948 0.05239 0.61082 0.03903 0.00616 0.03316 0.01380 
433 0.03496 0.18287 0.01969 0.05387 0.61711 0.03983 0.00677 0.03251 0.01239 
434 0.03425 0.20229 0.01790 0.05406 0.60168 0.03675 0.00724 0.03299 0.01283 
435 0.03617 0.21248 0.01921 0.05497 0.58345 0.03895 0.00826 0.03311 0.01341 
436 0.03418 0.21147 0.02002 0.05587 0.58632 0.04066 0.00731 0.03151 0.01266 
437 0.03541 0.20845 0.01953 0.05769 0.58844 0.03841 0.00778 0.03210 0.01219 
438 0.03554 0.19591 0.01827 0.06049 0.60631 0.03631 0.00782 0.02804 0.01129 
439 0.03631 0.20654 0.01638 0.06259 0.60932 0.03524 0.00770 0.02591 
440 0.03623 0.19664 0.01573 0.06779 0.62044 0.03068 0.00752 0.02497 
441 0.03538 0.20388 0.01607 0.01809 0.01273 0.06311 0.58975 0.03013 0.00691 0.02393 
442 0.03578 0.22669 0.01996 0.01951 0.01402 0.05887 0.56054 0.03340 0.00669 0.02454 
443 0.03687 0.21839 0.02361 0.02317 0.01393 0.05870 0.55347 0.03835 0.00706 0.02644 
444 0.03808 0.23301 0.02686 0.02514 0.01797 0.06095 0.52471 0.04023 0.00720 0.02586 
445 0.03636 0.23542 0.02517 0.02245 0.01453 0.05843 0.54352 0.03539 0.00602 0.02273 
446 0.03827 0.22538 0.02183 0.02099 0.01384 0.06232 0.55905 0.03028 0.00585 0.02219 
447 0.03842 0.19964 0.01953 0.02170 0.01531 0.07136 0.57203 0.02989 0.00664 0.02548 
448 0.03864 0.19775 0.01812 0.01948 0.01423 0.07142 0.58265 0.02784 0.00642 0.02345 
449 0.03866 0.20351 0.01824 0.01909 0.01352 0.07298 0.57334 0.02938 0.00671 0.02459 
450 0.03648 0.22713 0.02025 0.01740 0.01130 0.06625 0.56165 0.03006 0.00616 0.02331 
451 0.03590 0.24178 0.02750 0.01935 0.01121 0.05809 0.53929 0.03613 0.00674 0.02399 
452 0.03565 0.24101 0.02923 0.02117 0.01119 0.06000 0.53530 0.03680 0.00650 0.02314 
453 0.03667 0.24744 0.03100 0.02096 0.01373 0.05844 0.52470 0.04010 0.00663 0.02032 
454 0.03714 0.23865 0.02654 0.01694 0.01360 0.06276 0.53989 0.03641 0.00685 0.02123 
455 0.03643 0.23194 0.02530 0.01582 0.01444 0.06922 0.54305 0.03429 0.00793 0.02158 
456 0.03519 0.21569 0.02452 0.01571 0.01717 0.07543 0.55391 0.03378 0.00812 0.02047 
457 0.03311 0.22446 0.02445 0.01585 0.01921 0.06921 0.55468 0.03138 0.00768 0.01999 
458 0.03286 0.23306 0.02579 0.01625 0.01752 0.06795 0.54479 0.03353 0.00776 0.02050 
459 0.01644 0.03278 0.24072 0.02787 0.01779 0.06771 0.53127 0.03529 0.00723 0.02290 
460 0.01600 0.03101 0.24761 0.02921 0.01409 0.06418 0.53329 0.03637 0.00683 0.02142 
461 0.01651 0.03354 0.26209 0.01384 0.07068 0.57259 0.00249 0.00760 0.02067 
462 0.01516 0.03122 0.26494 0.01361 0.06523 0.57857 0.00225 0.00725 0.02177 
463 0.01637 0.03228 0.26683 0.01610 0.06909 0.56694 0.00234 0.00720 0.02285 
464 0.01403 0.02983 0.25765 0.01656 0.06800 0.58321 0.00228 0.00689 0.02156 
465 0.01411 0.03002 0.24411 0.01931 0.07301 0.58813 0.00228 0.00712 0.02191 
466 0.01338 0.03079 0.23191 0.01751 0.07632 0.59697 0.00241 0.00714 0.02357 
467 0.01339 0.03025 0.22991 0.01753 0.07399 0.60043 0.00241 0.00718 0.02491 
468 0.01296 0.03001 0.23391 0.01716 0.07398 0.59697 0.00205 0.00724 0.02571 
469 0.01419 0.02915 0.23327 0.02177 0.07333 0.59467 0.00221 0.00733 0.02408 
470 0.01487 0.03017 0.23879 0.02254 0.06872 0.58644 0.00237 0.00785 0.02825 
471 0.01483 0.03094 0.23109 0.02086 0.07141 0.59163 0.00236 0.00786 0.02902 
472 0.01517 0.03373 0.24756 0.02137 0.07165 0.57209 0.00240 0.00810 0.02792 
473 0.01486 0.03324 0.23627 0.02222 0.07252 0.58097 0.00305 0.00822 0.02863 
474 0.01463 0.03510 0.24948 0.02168 0.07008 0.57083 0.00299 0.00843 0.02680 
475 0.01205 0.03470 0.24542 0.02005 0.07195 0.57716 0.00305 0.00803 0.02759 
476 0.01238 0.03521 0.24190 0.01528 0.07577 0.58501 0.00227 0.00759 0.02460 
477 0.01270 0.03511 0.23918 0.01445 0.07494 0.58464 0.00252 0.00832 0.02813 
478 0.01507 0.03673 0.21522 0.02001 0.08435 0.58888 0.00245 0.00831 0.02897 
479 0.01359 0.03562 0.22966 0.01675 0.08183 0.59011 0.00216 0.00771 0.02258 
480 0.01370 0.03554 0.22787 0.02060 0.08050 0.58604 0.00241 0.00803 0.02531 
481 0.01375 0.03550 0.22887 0.01985 0.07946 0.58551 0.00230 0.00806 0.02671 
482 0.01363 0.03461 0.23065 0.02099 0.07897 0.58542 0.00249 0.00834 0.02490 
483 0.01403 0.03432 0.23020 0.01998 0.08050 0.58404 0.00265 0.00843 0.02585 
484 0.01327 0.03240 0.22896 0.01954 0.07942 0.58856 0.00258 0.00841 0.02685 
485 0.01260 0.03011 0.23588 0.01737 0.07594 0.59411 0.00229 0.00811 0.02359 
486 0.01321 0.02984 0.22768 0.01637 0.07750 0.59645 0.00253 0.00864 0.02778 
487 0.01390 0.03105 0.23414 0.01795 0.07571 0.59020 0.00278 0.00939 0.02487 
488 0.01380 0.03057 0.24846 0.01693 0.07074 0.58242 0.00223 0.00852 0.02632 
489 0.01594 0.03407 0.24155 0.01808 0.07000 0.57777 0.00315 0.01035 0.02910 
490 0.01452 0.03140 0.25385 0.01492 0.06797 0.57523 0.00264 0.01080 0.02867 
491 0.01484 0.03152 0.25941 0.01478 0.06813 0.57039 0.00276 0.01141 0.02677 
492 0.01500 0.03389 0.26854 0.01507 0.06706 0.55740 0.00269 0.01095 0.02941 
493 0.01517 0.03315 0.24995 0.01470 0.07075 0.57324 0.00244 0.01089 0.02970 
494 0.01534 0.03519 0.25785 0.01537 0.07151 0.56458 0.00247 0.01062 0.02706 
495 0.01722 0.03628 0.23712 0.01740 0.07410 0.56895 0.00277 0.01172 0.03446 
496 0.01737 0.03597 0.23749 0.01744 0.07512 0.57285 0.00258 0.01129 0.02989 
497 0.01671 0.03490 0.24332 0.01722 0.07130 0.57310 0.00215 0.01032 0.03098 
498 0.01741 0.03675 0.24727 0.01683 0.07545 0.56609 0.00190 0.01020 0.02809 
499 0.01741 0.03702 0.24728 0.01649 0.07853 0.56262 0.00219 0.01027 0.02819 
500 0.01760 0.03843 0.23647 0.01514 0.08295 0.57017 0.00174 0.00982 0.02770 
501 0.01713 0.03720 0.24175 0.01430 0.08269 0.56829 0.00136 0.00970 0.02760 
502 0.01745 0.03584 0.25744 0.01398 0.08103 0.55742 0.00091 0.00968 0.02625 
503 0.01775 0.03588 0.26007 0.01388 0.08187 0.55548 0.00088 0.00954 0.02466 
504 0.01714 0.03527 0.28409 0.01280 0.07757 0.53766 0.00062 0.00951 0.02534 
505 0.01708 0.03623 0.28134 0.01192 0.08176 0.53632 0.00073 0.01007 0.02454 
506 0.01868 0.03924 0.27474 0.01184 0.08476 0.53468 0.00081 0.01060 0.02466 
507 0.02116 0.04058 0.25692 0.01334 0.09374 0.53650 0.00101 0.01054 0.02622 
508 0.02013 0.04033 0.25521 0.01221 0.10043 0.53759 0.00067 0.00999 0.02343 
509 0.01890 0.04016 0.25531 0.01103 0.10002 0.53925 0.00076 0.01045 0.02412 
510 0.02166 0.04222 0.24611 0.01272 0.10097 0.53842 0.00085 0.01167 0.02538 
511 0.01949 0.04194 0.25477 0.01127 0.10277 0.53260 0.00083 0.01116 0.02516 
512 0.02031 0.04366 0.25073 0.01191 0.10540 0.53152 0.00083 0.01099 0.02466 
513 0.01807 0.04280 0.26784 0.01027 0.10165 0.52650 0.00080 0.01057 0.02149 
514 0.01964 0.04411 0.25713 0.01166 0.10038 0.52914 0.00144 0.01153 0.02498 
515 0.04489 0.24768 0.02324 0.01339 0.09980 0.53157 0.00230 0.01296 0.02417 
516 0.05234 0.27671 0.02400 0.01252 0.09375 0.49290 0.00315 0.01539 0.02925 
517 0.05138 0.26727 0.02912 0.01456 0.08680 0.49754 0.00505 0.01682 0.03146 
518 0.05211 0.26664 0.02938 0.01479 0.08029 0.49831 0.00630 0.01813 0.03405 
519 0.05938 0.26386 0.03479 0.01467 0.07893 0.48414 0.00804 0.02047 0.03572 
520 0.05511 0.26769 0.03948 0.01822 0.07294 0.48287 0.00854 0.02153 0.03363 
521 0.05589 0.27225 0.04038 0.01839 0.06920 0.47779 0.00820 0.02231 0.03558 
522 0.05378 0.26726 0.03836 0.01804 0.07106 0.48623 0.00830 0.02089 0.03607 
523 0.05253 0.26945 0.03542 0.01813 0.07492 0.48642 0.00819 0.02013 0.03480 
524 0.04887 0.24695 0.03084 0.01607 0.08125 0.51669 0.00700 0.01936 0.03297 
525 0.04716 0.23465 0.02573 0.01365 0.08627 0.54234 0.00419 0.01547 0.03053 
526 0.04592 0.21376 0.02309 0.01333 0.09828 0.55534 0.00399 0.01479 0.03150 
527 0.04577 0.20793 0.02202 0.01130 0.10116 0.56203 0.00333 0.01489 0.03157 
528 0.04412 0.19424 0.02179 0.01123 0.10955 0.57411 0.00228 0.01288 0.02981 
529 0.04373 0.19064 0.01970 0.01172 0.10874 0.58194 0.00222 0.01193 0.02938 
530 0.04279 0.19866 0.02095 0.01403 0.10333 0.57929 0.00218 0.01131 0.02746 
531 0.04149 0.20231 0.02018 0.01356 0.10111 0.58179 0.00149 0.01030 0.02778 
532 0.04393 0.19936 0.02082 0.01373 0.09727 0.58738 0.00103 0.00975 0.02672 
533 0.04542 0.20231 0.02274 0.01337 0.09496 0.58108 0.00102 0.01051 0.02859 
534 0.04968 0.21225 0.02266 0.01309 0.09124 0.56916 0.00017 0.00982 0.03191 
535 0.04254 0.21895 0.02209 0.01242 0.08776 0.57352 0.00011 0.00974 0.03289 
536 0.04363 0.21854 0.02237 0.01268 0.08879 0.57111 0.00009 0.00998 0.03282 
